archive_type='gaussian_process_learner'
num_params=48
min_boundary=array([-3., -3., -3., -3., -3., -3., -3., -3., -3., -3., -3., -3., -3.,       -3., -3., -3., -3., -3., -3., -3., -3., -3., -3., -3., -3., -3.,       -3., -3., -3., -3., -3., -3., -3., -3., -3., -3., -3., -3., -3.,       -3., -3., -3., -3., -3., -3., -3., -3., -3.])
max_boundary=array([3., 3., 3., 3., 3., 3., 3., 3., 3., 3., 3., 3., 3., 3., 3., 3., 3.,       3., 3., 3., 3., 3., 3., 3., 3., 3., 3., 3., 3., 3., 3., 3., 3., 3.,       3., 3., 3., 3., 3., 3., 3., 3., 3., 3., 3., 3., 3., 3.])
start_datetime='2020-01-23_09-58'
cost_has_noise=True
length_scale_history=[array([3.71779618])]
noise_level_history=[0.00020788906910553344]
bad_run_indexs=[[]]
bias_func_cycle=4
bias_func_cost_factor=[1.0, 1.0, 1.0, 1.0]
bias_func_uncer_factor=[0.0, 1.0, 2.0, 3.0]
generation_num=4
search_precision=1e-06
parameter_searches=48
hyperparameter_searches=48
bad_uncer_frac=0.1
trust_region=array([1., 1., 1., 1., 1., 1., 1., 1., 1., 1., 1., 1., 1., 1., 1., 1., 1.,       1., 1., 1., 1., 1., 1., 1., 1., 1., 1., 1., 1., 1., 1., 1., 1., 1.,       1., 1., 1., 1., 1., 1., 1., 1., 1., 1., 1., 1., 1., 1.])
has_trust_region=True
predict_global_minima_at_end=True
predicted_best_parameters=array([-3.        , -2.83725513, -1.20566115, -1.71659076, -2.05643152,       -0.69707483, -2.53658677, -0.76565467, -3.        , -1.93636781,       -1.25483165, -1.95221213, -2.03351295, -1.5068296 , -1.41675671,       -2.70802496, -1.75439845, -0.96778753, -1.75982797,  0.34245476,       -1.59789874, -1.50515113, -3.        , -2.79057006, -1.32844862,       -1.92300436, -2.67121371, -0.78017513, -1.94795189, -1.66786627,       -0.59464855, -0.82102161, -2.17659325, -1.24229698, -1.4363525 ,       -2.62081105, -0.1485325 , -2.09900656, -1.05217646, -1.77777012,       -1.24629973, -1.68784685, -1.31376752, -0.75034104, -0.9707524 ,       -1.93855942, -1.66628077,  0.20966655])
predicted_best_scaled_cost=array([-4.93629618])
predicted_best_scaled_uncertainty=array([0.47510632])
predicted_best_cost=array([-104.13154168])
predicted_best_uncertainty=array([0.0081858])
all_params=array([[-2.68793143, -2.9535193 , -1.37079472, -2.49209252, -2.36268802,        -1.82022442, -2.87192989, -1.62211775, -2.64785142, -1.58566671,        -1.32057994, -2.75439737, -2.00626563, -1.33343962, -2.00596975,        -2.8801117 , -1.71384863, -1.40689285, -1.76426613, -0.73297259,        -1.5922679 , -0.8318354 , -2.67006071, -2.66573677, -1.06226091,        -2.04557559, -2.60314993, -0.77397941, -2.16536194, -1.19805095,        -1.25760484, -0.88006538, -1.5031867 , -1.19773816, -2.16264398,        -2.35217306, -0.84987308, -1.97258114, -0.68438389, -1.40774041,        -1.50793027, -2.72460966, -0.72122578, -1.92021088, -1.61186493,        -2.02047167, -2.43113525, -0.83188915],       [ 0.91206857, -2.9535193 , -1.37079472, -2.49209252, -2.36268802,        -1.82022442, -2.87192989, -1.62211775, -2.64785142, -1.58566671,        -1.32057994, -2.75439737, -2.00626563, -1.33343962, -2.00596975,        -2.8801117 , -1.71384863, -1.40689285, -1.76426613, -0.73297259,        -1.5922679 , -0.8318354 , -2.67006071, -2.66573677, -1.06226091,        -2.04557559, -2.60314993, -0.77397941, -2.16536194, -1.19805095,        -1.25760484, -0.88006538, -1.5031867 , -1.19773816, -2.16264398,        -2.35217306, -0.84987308, -1.97258114, -0.68438389, -1.40774041,        -1.50793027, -2.72460966, -0.72122578, -1.92021088, -1.61186493,        -2.02047167, -2.43113525, -0.83188915],       [-2.68793143,  0.6464807 , -1.37079472, -2.49209252, -2.36268802,        -1.82022442, -2.87192989, -1.62211775, -2.64785142, -1.58566671,        -1.32057994, -2.75439737, -2.00626563, -1.33343962, -2.00596975,        -2.8801117 , -1.71384863, -1.40689285, -1.76426613, -0.73297259,        -1.5922679 , -0.8318354 , -2.67006071, -2.66573677, -1.06226091,        -2.04557559, -2.60314993, -0.77397941, -2.16536194, -1.19805095,        -1.25760484, -0.88006538, -1.5031867 , -1.19773816, -2.16264398,        -2.35217306, -0.84987308, -1.97258114, -0.68438389, -1.40774041,        -1.50793027, -2.72460966, -0.72122578, -1.92021088, -1.61186493,        -2.02047167, -2.43113525, -0.83188915],       [-2.68793143, -2.9535193 ,  2.22920528, -2.49209252, -2.36268802,        -1.82022442, -2.87192989, -1.62211775, -2.64785142, -1.58566671,        -1.32057994, -2.75439737, -2.00626563, -1.33343962, -2.00596975,        -2.8801117 , -1.71384863, -1.40689285, -1.76426613, -0.73297259,        -1.5922679 , -0.8318354 , -2.67006071, -2.66573677, -1.06226091,        -2.04557559, -2.60314993, -0.77397941, -2.16536194, -1.19805095,        -1.25760484, -0.88006538, -1.5031867 , -1.19773816, -2.16264398,        -2.35217306, -0.84987308, -1.97258114, -0.68438389, -1.40774041,        -1.50793027, -2.72460966, -0.72122578, -1.92021088, -1.61186493,        -2.02047167, -2.43113525, -0.83188915],       [-2.68793143, -2.9535193 , -1.37079472,  1.10790748, -2.36268802,        -1.82022442, -2.87192989, -1.62211775, -2.64785142, -1.58566671,        -1.32057994, -2.75439737, -2.00626563, -1.33343962, -2.00596975,        -2.8801117 , -1.71384863, -1.40689285, -1.76426613, -0.73297259,        -1.5922679 , -0.8318354 , -2.67006071, -2.66573677, -1.06226091,        -2.04557559, -2.60314993, -0.77397941, -2.16536194, -1.19805095,        -1.25760484, -0.88006538, -1.5031867 , -1.19773816, -2.16264398,        -2.35217306, -0.84987308, -1.97258114, -0.68438389, -1.40774041,        -1.50793027, -2.72460966, -0.72122578, -1.92021088, -1.61186493,        -2.02047167, -2.43113525, -0.83188915],       [-2.68793143, -2.9535193 , -1.37079472, -2.49209252,  1.23731198,        -1.82022442, -2.87192989, -1.62211775, -2.64785142, -1.58566671,        -1.32057994, -2.75439737, -2.00626563, -1.33343962, -2.00596975,        -2.8801117 , -1.71384863, -1.40689285, -1.76426613, -0.73297259,        -1.5922679 , -0.8318354 , -2.67006071, -2.66573677, -1.06226091,        -2.04557559, -2.60314993, -0.77397941, -2.16536194, -1.19805095,        -1.25760484, -0.88006538, -1.5031867 , -1.19773816, -2.16264398,        -2.35217306, -0.84987308, -1.97258114, -0.68438389, -1.40774041,        -1.50793027, -2.72460966, -0.72122578, -1.92021088, -1.61186493,        -2.02047167, -2.43113525, -0.83188915],       [-2.68793143, -2.9535193 , -1.37079472, -2.49209252, -2.36268802,         1.77977558, -2.87192989, -1.62211775, -2.64785142, -1.58566671,        -1.32057994, -2.75439737, -2.00626563, -1.33343962, -2.00596975,        -2.8801117 , -1.71384863, -1.40689285, -1.76426613, -0.73297259,        -1.5922679 , -0.8318354 , -2.67006071, -2.66573677, -1.06226091,        -2.04557559, -2.60314993, -0.77397941, -2.16536194, -1.19805095,        -1.25760484, -0.88006538, -1.5031867 , -1.19773816, -2.16264398,        -2.35217306, -0.84987308, -1.97258114, -0.68438389, -1.40774041,        -1.50793027, -2.72460966, -0.72122578, -1.92021088, -1.61186493,        -2.02047167, -2.43113525, -0.83188915],       [-2.68793143, -2.9535193 , -1.37079472, -2.49209252, -2.36268802,        -1.82022442,  0.72807011, -1.62211775, -2.64785142, -1.58566671,        -1.32057994, -2.75439737, -2.00626563, -1.33343962, -2.00596975,        -2.8801117 , -1.71384863, -1.40689285, -1.76426613, -0.73297259,        -1.5922679 , -0.8318354 , -2.67006071, -2.66573677, -1.06226091,        -2.04557559, -2.60314993, -0.77397941, -2.16536194, -1.19805095,        -1.25760484, -0.88006538, -1.5031867 , -1.19773816, -2.16264398,        -2.35217306, -0.84987308, -1.97258114, -0.68438389, -1.40774041,        -1.50793027, -2.72460966, -0.72122578, -1.92021088, -1.61186493,        -2.02047167, -2.43113525, -0.83188915],       [-2.68793143, -2.9535193 , -1.37079472, -2.49209252, -2.36268802,        -1.82022442, -2.87192989,  1.97788225, -2.64785142, -1.58566671,        -1.32057994, -2.75439737, -2.00626563, -1.33343962, -2.00596975,        -2.8801117 , -1.71384863, -1.40689285, -1.76426613, -0.73297259,        -1.5922679 , -0.8318354 , -2.67006071, -2.66573677, -1.06226091,        -2.04557559, -2.60314993, -0.77397941, -2.16536194, -1.19805095,        -1.25760484, -0.88006538, -1.5031867 , -1.19773816, -2.16264398,        -2.35217306, -0.84987308, -1.97258114, -0.68438389, -1.40774041,        -1.50793027, -2.72460966, -0.72122578, -1.92021088, -1.61186493,        -2.02047167, -2.43113525, -0.83188915],       [-2.68793143, -2.9535193 , -1.37079472, -2.49209252, -2.36268802,        -1.82022442, -2.87192989, -1.62211775,  0.95214858, -1.58566671,        -1.32057994, -2.75439737, -2.00626563, -1.33343962, -2.00596975,        -2.8801117 , -1.71384863, -1.40689285, -1.76426613, -0.73297259,        -1.5922679 , -0.8318354 , -2.67006071, -2.66573677, -1.06226091,        -2.04557559, -2.60314993, -0.77397941, -2.16536194, -1.19805095,        -1.25760484, -0.88006538, -1.5031867 , -1.19773816, -2.16264398,        -2.35217306, -0.84987308, -1.97258114, -0.68438389, -1.40774041,        -1.50793027, -2.72460966, -0.72122578, -1.92021088, -1.61186493,        -2.02047167, -2.43113525, -0.83188915],       [-2.68793143, -2.9535193 , -1.37079472, -2.49209252, -2.36268802,        -1.82022442, -2.87192989, -1.62211775, -2.64785142,  2.01433329,        -1.32057994, -2.75439737, -2.00626563, -1.33343962, -2.00596975,        -2.8801117 , -1.71384863, -1.40689285, -1.76426613, -0.73297259,        -1.5922679 , -0.8318354 , -2.67006071, -2.66573677, -1.06226091,        -2.04557559, -2.60314993, -0.77397941, -2.16536194, -1.19805095,        -1.25760484, -0.88006538, -1.5031867 , -1.19773816, -2.16264398,        -2.35217306, -0.84987308, -1.97258114, -0.68438389, -1.40774041,        -1.50793027, -2.72460966, -0.72122578, -1.92021088, -1.61186493,        -2.02047167, -2.43113525, -0.83188915],       [-2.68793143, -2.9535193 , -1.37079472, -2.49209252, -2.36268802,        -1.82022442, -2.87192989, -1.62211775, -2.64785142, -1.58566671,         2.27942006, -2.75439737, -2.00626563, -1.33343962, -2.00596975,        -2.8801117 , -1.71384863, -1.40689285, -1.76426613, -0.73297259,        -1.5922679 , -0.8318354 , -2.67006071, -2.66573677, -1.06226091,        -2.04557559, -2.60314993, -0.77397941, -2.16536194, -1.19805095,        -1.25760484, -0.88006538, -1.5031867 , -1.19773816, -2.16264398,        -2.35217306, -0.84987308, -1.97258114, -0.68438389, -1.40774041,        -1.50793027, -2.72460966, -0.72122578, -1.92021088, -1.61186493,        -2.02047167, -2.43113525, -0.83188915],       [-2.68793143, -2.9535193 , -1.37079472, -2.49209252, -2.36268802,        -1.82022442, -2.87192989, -1.62211775, -2.64785142, -1.58566671,        -1.32057994,  0.84560263, -2.00626563, -1.33343962, -2.00596975,        -2.8801117 , -1.71384863, -1.40689285, -1.76426613, -0.73297259,        -1.5922679 , -0.8318354 , -2.67006071, -2.66573677, -1.06226091,        -2.04557559, -2.60314993, -0.77397941, -2.16536194, -1.19805095,        -1.25760484, -0.88006538, -1.5031867 , -1.19773816, -2.16264398,        -2.35217306, -0.84987308, -1.97258114, -0.68438389, -1.40774041,        -1.50793027, -2.72460966, -0.72122578, -1.92021088, -1.61186493,        -2.02047167, -2.43113525, -0.83188915],       [-2.68793143, -2.9535193 , -1.37079472, -2.49209252, -2.36268802,        -1.82022442, -2.87192989, -1.62211775, -2.64785142, -1.58566671,        -1.32057994, -2.75439737,  1.59373437, -1.33343962, -2.00596975,        -2.8801117 , -1.71384863, -1.40689285, -1.76426613, -0.73297259,        -1.5922679 , -0.8318354 , -2.67006071, -2.66573677, -1.06226091,        -2.04557559, -2.60314993, -0.77397941, -2.16536194, -1.19805095,        -1.25760484, -0.88006538, -1.5031867 , -1.19773816, -2.16264398,        -2.35217306, -0.84987308, -1.97258114, -0.68438389, -1.40774041,        -1.50793027, -2.72460966, -0.72122578, -1.92021088, -1.61186493,        -2.02047167, -2.43113525, -0.83188915],       [-2.68793143, -2.9535193 , -1.37079472, -2.49209252, -2.36268802,        -1.82022442, -2.87192989, -1.62211775, -2.64785142, -1.58566671,        -1.32057994, -2.75439737, -2.00626563,  2.26656038, -2.00596975,        -2.8801117 , -1.71384863, -1.40689285, -1.76426613, -0.73297259,        -1.5922679 , -0.8318354 , -2.67006071, -2.66573677, -1.06226091,        -2.04557559, -2.60314993, -0.77397941, -2.16536194, -1.19805095,        -1.25760484, -0.88006538, -1.5031867 , -1.19773816, -2.16264398,        -2.35217306, -0.84987308, -1.97258114, -0.68438389, -1.40774041,        -1.50793027, -2.72460966, -0.72122578, -1.92021088, -1.61186493,        -2.02047167, -2.43113525, -0.83188915],       [-2.68793143, -2.9535193 , -1.37079472, -2.49209252, -2.36268802,        -1.82022442, -2.87192989, -1.62211775, -2.64785142, -1.58566671,        -1.32057994, -2.75439737, -2.00626563, -1.33343962,  1.59403025,        -2.8801117 , -1.71384863, -1.40689285, -1.76426613, -0.73297259,        -1.5922679 , -0.8318354 , -2.67006071, -2.66573677, -1.06226091,        -2.04557559, -2.60314993, -0.77397941, -2.16536194, -1.19805095,        -1.25760484, -0.88006538, -1.5031867 , -1.19773816, -2.16264398,        -2.35217306, -0.84987308, -1.97258114, -0.68438389, -1.40774041,        -1.50793027, -2.72460966, -0.72122578, -1.92021088, -1.61186493,        -2.02047167, -2.43113525, -0.83188915],       [-2.68793143, -2.9535193 , -1.37079472, -2.49209252, -2.36268802,        -1.82022442, -2.87192989, -1.62211775, -2.64785142, -1.58566671,        -1.32057994, -2.75439737, -2.00626563, -1.33343962, -2.00596975,         0.7198883 , -1.71384863, -1.40689285, -1.76426613, -0.73297259,        -1.5922679 , -0.8318354 , -2.67006071, -2.66573677, -1.06226091,        -2.04557559, -2.60314993, -0.77397941, -2.16536194, -1.19805095,        -1.25760484, -0.88006538, -1.5031867 , -1.19773816, -2.16264398,        -2.35217306, -0.84987308, -1.97258114, -0.68438389, -1.40774041,        -1.50793027, -2.72460966, -0.72122578, -1.92021088, -1.61186493,        -2.02047167, -2.43113525, -0.83188915],       [-2.68793143, -2.9535193 , -1.37079472, -2.49209252, -2.36268802,        -1.82022442, -2.87192989, -1.62211775, -2.64785142, -1.58566671,        -1.32057994, -2.75439737, -2.00626563, -1.33343962, -2.00596975,        -2.8801117 ,  1.88615137, -1.40689285, -1.76426613, -0.73297259,        -1.5922679 , -0.8318354 , -2.67006071, -2.66573677, -1.06226091,        -2.04557559, -2.60314993, -0.77397941, -2.16536194, -1.19805095,        -1.25760484, -0.88006538, -1.5031867 , -1.19773816, -2.16264398,        -2.35217306, -0.84987308, -1.97258114, -0.68438389, -1.40774041,        -1.50793027, -2.72460966, -0.72122578, -1.92021088, -1.61186493,        -2.02047167, -2.43113525, -0.83188915],       [-2.68793143, -2.9535193 , -1.37079472, -2.49209252, -2.36268802,        -1.82022442, -2.87192989, -1.62211775, -2.64785142, -1.58566671,        -1.32057994, -2.75439737, -2.00626563, -1.33343962, -2.00596975,        -2.8801117 , -1.71384863,  2.19310715, -1.76426613, -0.73297259,        -1.5922679 , -0.8318354 , -2.67006071, -2.66573677, -1.06226091,        -2.04557559, -2.60314993, -0.77397941, -2.16536194, -1.19805095,        -1.25760484, -0.88006538, -1.5031867 , -1.19773816, -2.16264398,        -2.35217306, -0.84987308, -1.97258114, -0.68438389, -1.40774041,        -1.50793027, -2.72460966, -0.72122578, -1.92021088, -1.61186493,        -2.02047167, -2.43113525, -0.83188915],       [-2.68793143, -2.9535193 , -1.37079472, -2.49209252, -2.36268802,        -1.82022442, -2.87192989, -1.62211775, -2.64785142, -1.58566671,        -1.32057994, -2.75439737, -2.00626563, -1.33343962, -2.00596975,        -2.8801117 , -1.71384863, -1.40689285,  1.83573387, -0.73297259,        -1.5922679 , -0.8318354 , -2.67006071, -2.66573677, -1.06226091,        -2.04557559, -2.60314993, -0.77397941, -2.16536194, -1.19805095,        -1.25760484, -0.88006538, -1.5031867 , -1.19773816, -2.16264398,        -2.35217306, -0.84987308, -1.97258114, -0.68438389, -1.40774041,        -1.50793027, -2.72460966, -0.72122578, -1.92021088, -1.61186493,        -2.02047167, -2.43113525, -0.83188915],       [-2.68793143, -2.9535193 , -1.37079472, -2.49209252, -2.36268802,        -1.82022442, -2.87192989, -1.62211775, -2.64785142, -1.58566671,        -1.32057994, -2.75439737, -2.00626563, -1.33343962, -2.00596975,        -2.8801117 , -1.71384863, -1.40689285, -1.76426613,  2.86702741,        -1.5922679 , -0.8318354 , -2.67006071, -2.66573677, -1.06226091,        -2.04557559, -2.60314993, -0.77397941, -2.16536194, -1.19805095,        -1.25760484, -0.88006538, -1.5031867 , -1.19773816, -2.16264398,        -2.35217306, -0.84987308, -1.97258114, -0.68438389, -1.40774041,        -1.50793027, -2.72460966, -0.72122578, -1.92021088, -1.61186493,        -2.02047167, -2.43113525, -0.83188915],       [-2.68793143, -2.9535193 , -1.37079472, -2.49209252, -2.36268802,        -1.82022442, -2.87192989, -1.62211775, -2.64785142, -1.58566671,        -1.32057994, -2.75439737, -2.00626563, -1.33343962, -2.00596975,        -2.8801117 , -1.71384863, -1.40689285, -1.76426613, -0.73297259,         2.0077321 , -0.8318354 , -2.67006071, -2.66573677, -1.06226091,        -2.04557559, -2.60314993, -0.77397941, -2.16536194, -1.19805095,        -1.25760484, -0.88006538, -1.5031867 , -1.19773816, -2.16264398,        -2.35217306, -0.84987308, -1.97258114, -0.68438389, -1.40774041,        -1.50793027, -2.72460966, -0.72122578, -1.92021088, -1.61186493,        -2.02047167, -2.43113525, -0.83188915],       [-2.68793143, -2.9535193 , -1.37079472, -2.49209252, -2.36268802,        -1.82022442, -2.87192989, -1.62211775, -2.64785142, -1.58566671,        -1.32057994, -2.75439737, -2.00626563, -1.33343962, -2.00596975,        -2.8801117 , -1.71384863, -1.40689285, -1.76426613, -0.73297259,        -1.5922679 ,  2.7681646 , -2.67006071, -2.66573677, -1.06226091,        -2.04557559, -2.60314993, -0.77397941, -2.16536194, -1.19805095,        -1.25760484, -0.88006538, -1.5031867 , -1.19773816, -2.16264398,        -2.35217306, -0.84987308, -1.97258114, -0.68438389, -1.40774041,        -1.50793027, -2.72460966, -0.72122578, -1.92021088, -1.61186493,        -2.02047167, -2.43113525, -0.83188915],       [-2.68793143, -2.9535193 , -1.37079472, -2.49209252, -2.36268802,        -1.82022442, -2.87192989, -1.62211775, -2.64785142, -1.58566671,        -1.32057994, -2.75439737, -2.00626563, -1.33343962, -2.00596975,        -2.8801117 , -1.71384863, -1.40689285, -1.76426613, -0.73297259,        -1.5922679 , -0.8318354 ,  0.92993929, -2.66573677, -1.06226091,        -2.04557559, -2.60314993, -0.77397941, -2.16536194, -1.19805095,        -1.25760484, -0.88006538, -1.5031867 , -1.19773816, -2.16264398,        -2.35217306, -0.84987308, -1.97258114, -0.68438389, -1.40774041,        -1.50793027, -2.72460966, -0.72122578, -1.92021088, -1.61186493,        -2.02047167, -2.43113525, -0.83188915],       [-2.68793143, -2.9535193 , -1.37079472, -2.49209252, -2.36268802,        -1.82022442, -2.87192989, -1.62211775, -2.64785142, -1.58566671,        -1.32057994, -2.75439737, -2.00626563, -1.33343962, -2.00596975,        -2.8801117 , -1.71384863, -1.40689285, -1.76426613, -0.73297259,        -1.5922679 , -0.8318354 , -2.67006071,  0.93426323, -1.06226091,        -2.04557559, -2.60314993, -0.77397941, -2.16536194, -1.19805095,        -1.25760484, -0.88006538, -1.5031867 , -1.19773816, -2.16264398,        -2.35217306, -0.84987308, -1.97258114, -0.68438389, -1.40774041,        -1.50793027, -2.72460966, -0.72122578, -1.92021088, -1.61186493,        -2.02047167, -2.43113525, -0.83188915],       [-2.68793143, -2.9535193 , -1.37079472, -2.49209252, -2.36268802,        -1.82022442, -2.87192989, -1.62211775, -2.64785142, -1.58566671,        -1.32057994, -2.75439737, -2.00626563, -1.33343962, -2.00596975,        -2.8801117 , -1.71384863, -1.40689285, -1.76426613, -0.73297259,        -1.5922679 , -0.8318354 , -2.67006071, -2.66573677,  2.53773909,        -2.04557559, -2.60314993, -0.77397941, -2.16536194, -1.19805095,        -1.25760484, -0.88006538, -1.5031867 , -1.19773816, -2.16264398,        -2.35217306, -0.84987308, -1.97258114, -0.68438389, -1.40774041,        -1.50793027, -2.72460966, -0.72122578, -1.92021088, -1.61186493,        -2.02047167, -2.43113525, -0.83188915],       [-2.68793143, -2.9535193 , -1.37079472, -2.49209252, -2.36268802,        -1.82022442, -2.87192989, -1.62211775, -2.64785142, -1.58566671,        -1.32057994, -2.75439737, -2.00626563, -1.33343962, -2.00596975,        -2.8801117 , -1.71384863, -1.40689285, -1.76426613, -0.73297259,        -1.5922679 , -0.8318354 , -2.67006071, -2.66573677, -1.06226091,         1.55442441, -2.60314993, -0.77397941, -2.16536194, -1.19805095,        -1.25760484, -0.88006538, -1.5031867 , -1.19773816, -2.16264398,        -2.35217306, -0.84987308, -1.97258114, -0.68438389, -1.40774041,        -1.50793027, -2.72460966, -0.72122578, -1.92021088, -1.61186493,        -2.02047167, -2.43113525, -0.83188915],       [-2.68793143, -2.9535193 , -1.37079472, -2.49209252, -2.36268802,        -1.82022442, -2.87192989, -1.62211775, -2.64785142, -1.58566671,        -1.32057994, -2.75439737, -2.00626563, -1.33343962, -2.00596975,        -2.8801117 , -1.71384863, -1.40689285, -1.76426613, -0.73297259,        -1.5922679 , -0.8318354 , -2.67006071, -2.66573677, -1.06226091,        -2.04557559,  0.99685007, -0.77397941, -2.16536194, -1.19805095,        -1.25760484, -0.88006538, -1.5031867 , -1.19773816, -2.16264398,        -2.35217306, -0.84987308, -1.97258114, -0.68438389, -1.40774041,        -1.50793027, -2.72460966, -0.72122578, -1.92021088, -1.61186493,        -2.02047167, -2.43113525, -0.83188915],       [-2.68793143, -2.9535193 , -1.37079472, -2.49209252, -2.36268802,        -1.82022442, -2.87192989, -1.62211775, -2.64785142, -1.58566671,        -1.32057994, -2.75439737, -2.00626563, -1.33343962, -2.00596975,        -2.8801117 , -1.71384863, -1.40689285, -1.76426613, -0.73297259,        -1.5922679 , -0.8318354 , -2.67006071, -2.66573677, -1.06226091,        -2.04557559, -2.60314993,  2.82602059, -2.16536194, -1.19805095,        -1.25760484, -0.88006538, -1.5031867 , -1.19773816, -2.16264398,        -2.35217306, -0.84987308, -1.97258114, -0.68438389, -1.40774041,        -1.50793027, -2.72460966, -0.72122578, -1.92021088, -1.61186493,        -2.02047167, -2.43113525, -0.83188915],       [-2.68793143, -2.9535193 , -1.37079472, -2.49209252, -2.36268802,        -1.82022442, -2.87192989, -1.62211775, -2.64785142, -1.58566671,        -1.32057994, -2.75439737, -2.00626563, -1.33343962, -2.00596975,        -2.8801117 , -1.71384863, -1.40689285, -1.76426613, -0.73297259,        -1.5922679 , -0.8318354 , -2.67006071, -2.66573677, -1.06226091,        -2.04557559, -2.60314993, -0.77397941,  1.43463806, -1.19805095,        -1.25760484, -0.88006538, -1.5031867 , -1.19773816, -2.16264398,        -2.35217306, -0.84987308, -1.97258114, -0.68438389, -1.40774041,        -1.50793027, -2.72460966, -0.72122578, -1.92021088, -1.61186493,        -2.02047167, -2.43113525, -0.83188915],       [-2.68793143, -2.9535193 , -1.37079472, -2.49209252, -2.36268802,        -1.82022442, -2.87192989, -1.62211775, -2.64785142, -1.58566671,        -1.32057994, -2.75439737, -2.00626563, -1.33343962, -2.00596975,        -2.8801117 , -1.71384863, -1.40689285, -1.76426613, -0.73297259,        -1.5922679 , -0.8318354 , -2.67006071, -2.66573677, -1.06226091,        -2.04557559, -2.60314993, -0.77397941, -2.16536194,  2.40194905,        -1.25760484, -0.88006538, -1.5031867 , -1.19773816, -2.16264398,        -2.35217306, -0.84987308, -1.97258114, -0.68438389, -1.40774041,        -1.50793027, -2.72460966, -0.72122578, -1.92021088, -1.61186493,        -2.02047167, -2.43113525, -0.83188915],       [-2.68793143, -2.9535193 , -1.37079472, -2.49209252, -2.36268802,        -1.82022442, -2.87192989, -1.62211775, -2.64785142, -1.58566671,        -1.32057994, -2.75439737, -2.00626563, -1.33343962, -2.00596975,        -2.8801117 , -1.71384863, -1.40689285, -1.76426613, -0.73297259,        -1.5922679 , -0.8318354 , -2.67006071, -2.66573677, -1.06226091,        -2.04557559, -2.60314993, -0.77397941, -2.16536194, -1.19805095,         2.34239516, -0.88006538, -1.5031867 , -1.19773816, -2.16264398,        -2.35217306, -0.84987308, -1.97258114, -0.68438389, -1.40774041,        -1.50793027, -2.72460966, -0.72122578, -1.92021088, -1.61186493,        -2.02047167, -2.43113525, -0.83188915],       [-2.68793143, -2.9535193 , -1.37079472, -2.49209252, -2.36268802,        -1.82022442, -2.87192989, -1.62211775, -2.64785142, -1.58566671,        -1.32057994, -2.75439737, -2.00626563, -1.33343962, -2.00596975,        -2.8801117 , -1.71384863, -1.40689285, -1.76426613, -0.73297259,        -1.5922679 , -0.8318354 , -2.67006071, -2.66573677, -1.06226091,        -2.04557559, -2.60314993, -0.77397941, -2.16536194, -1.19805095,        -1.25760484,  2.71993462, -1.5031867 , -1.19773816, -2.16264398,        -2.35217306, -0.84987308, -1.97258114, -0.68438389, -1.40774041,        -1.50793027, -2.72460966, -0.72122578, -1.92021088, -1.61186493,        -2.02047167, -2.43113525, -0.83188915],       [-2.68793143, -2.9535193 , -1.37079472, -2.49209252, -2.36268802,        -1.82022442, -2.87192989, -1.62211775, -2.64785142, -1.58566671,        -1.32057994, -2.75439737, -2.00626563, -1.33343962, -2.00596975,        -2.8801117 , -1.71384863, -1.40689285, -1.76426613, -0.73297259,        -1.5922679 , -0.8318354 , -2.67006071, -2.66573677, -1.06226091,        -2.04557559, -2.60314993, -0.77397941, -2.16536194, -1.19805095,        -1.25760484, -0.88006538,  2.0968133 , -1.19773816, -2.16264398,        -2.35217306, -0.84987308, -1.97258114, -0.68438389, -1.40774041,        -1.50793027, -2.72460966, -0.72122578, -1.92021088, -1.61186493,        -2.02047167, -2.43113525, -0.83188915],       [-2.68793143, -2.9535193 , -1.37079472, -2.49209252, -2.36268802,        -1.82022442, -2.87192989, -1.62211775, -2.64785142, -1.58566671,        -1.32057994, -2.75439737, -2.00626563, -1.33343962, -2.00596975,        -2.8801117 , -1.71384863, -1.40689285, -1.76426613, -0.73297259,        -1.5922679 , -0.8318354 , -2.67006071, -2.66573677, -1.06226091,        -2.04557559, -2.60314993, -0.77397941, -2.16536194, -1.19805095,        -1.25760484, -0.88006538, -1.5031867 ,  2.40226184, -2.16264398,        -2.35217306, -0.84987308, -1.97258114, -0.68438389, -1.40774041,        -1.50793027, -2.72460966, -0.72122578, -1.92021088, -1.61186493,        -2.02047167, -2.43113525, -0.83188915],       [-2.68793143, -2.9535193 , -1.37079472, -2.49209252, -2.36268802,        -1.82022442, -2.87192989, -1.62211775, -2.64785142, -1.58566671,        -1.32057994, -2.75439737, -2.00626563, -1.33343962, -2.00596975,        -2.8801117 , -1.71384863, -1.40689285, -1.76426613, -0.73297259,        -1.5922679 , -0.8318354 , -2.67006071, -2.66573677, -1.06226091,        -2.04557559, -2.60314993, -0.77397941, -2.16536194, -1.19805095,        -1.25760484, -0.88006538, -1.5031867 , -1.19773816,  1.43735602,        -2.35217306, -0.84987308, -1.97258114, -0.68438389, -1.40774041,        -1.50793027, -2.72460966, -0.72122578, -1.92021088, -1.61186493,        -2.02047167, -2.43113525, -0.83188915],       [-2.68793143, -2.9535193 , -1.37079472, -2.49209252, -2.36268802,        -1.82022442, -2.87192989, -1.62211775, -2.64785142, -1.58566671,        -1.32057994, -2.75439737, -2.00626563, -1.33343962, -2.00596975,        -2.8801117 , -1.71384863, -1.40689285, -1.76426613, -0.73297259,        -1.5922679 , -0.8318354 , -2.67006071, -2.66573677, -1.06226091,        -2.04557559, -2.60314993, -0.77397941, -2.16536194, -1.19805095,        -1.25760484, -0.88006538, -1.5031867 , -1.19773816, -2.16264398,         1.24782694, -0.84987308, -1.97258114, -0.68438389, -1.40774041,        -1.50793027, -2.72460966, -0.72122578, -1.92021088, -1.61186493,        -2.02047167, -2.43113525, -0.83188915],       [-2.68793143, -2.9535193 , -1.37079472, -2.49209252, -2.36268802,        -1.82022442, -2.87192989, -1.62211775, -2.64785142, -1.58566671,        -1.32057994, -2.75439737, -2.00626563, -1.33343962, -2.00596975,        -2.8801117 , -1.71384863, -1.40689285, -1.76426613, -0.73297259,        -1.5922679 , -0.8318354 , -2.67006071, -2.66573677, -1.06226091,        -2.04557559, -2.60314993, -0.77397941, -2.16536194, -1.19805095,        -1.25760484, -0.88006538, -1.5031867 , -1.19773816, -2.16264398,        -2.35217306,  2.75012692, -1.97258114, -0.68438389, -1.40774041,        -1.50793027, -2.72460966, -0.72122578, -1.92021088, -1.61186493,        -2.02047167, -2.43113525, -0.83188915],       [-2.68793143, -2.9535193 , -1.37079472, -2.49209252, -2.36268802,        -1.82022442, -2.87192989, -1.62211775, -2.64785142, -1.58566671,        -1.32057994, -2.75439737, -2.00626563, -1.33343962, -2.00596975,        -2.8801117 , -1.71384863, -1.40689285, -1.76426613, -0.73297259,        -1.5922679 , -0.8318354 , -2.67006071, -2.66573677, -1.06226091,        -2.04557559, -2.60314993, -0.77397941, -2.16536194, -1.19805095,        -1.25760484, -0.88006538, -1.5031867 , -1.19773816, -2.16264398,        -2.35217306, -0.84987308,  1.62741886, -0.68438389, -1.40774041,        -1.50793027, -2.72460966, -0.72122578, -1.92021088, -1.61186493,        -2.02047167, -2.43113525, -0.83188915],       [-2.68793143, -2.9535193 , -1.37079472, -2.49209252, -2.36268802,        -1.82022442, -2.87192989, -1.62211775, -2.64785142, -1.58566671,        -1.32057994, -2.75439737, -2.00626563, -1.33343962, -2.00596975,        -2.8801117 , -1.71384863, -1.40689285, -1.76426613, -0.73297259,        -1.5922679 , -0.8318354 , -2.67006071, -2.66573677, -1.06226091,        -2.04557559, -2.60314993, -0.77397941, -2.16536194, -1.19805095,        -1.25760484, -0.88006538, -1.5031867 , -1.19773816, -2.16264398,        -2.35217306, -0.84987308, -1.97258114,  2.91561611, -1.40774041,        -1.50793027, -2.72460966, -0.72122578, -1.92021088, -1.61186493,        -2.02047167, -2.43113525, -0.83188915],       [-2.68793143, -2.9535193 , -1.37079472, -2.49209252, -2.36268802,        -1.82022442, -2.87192989, -1.62211775, -2.64785142, -1.58566671,        -1.32057994, -2.75439737, -2.00626563, -1.33343962, -2.00596975,        -2.8801117 , -1.71384863, -1.40689285, -1.76426613, -0.73297259,        -1.5922679 , -0.8318354 , -2.67006071, -2.66573677, -1.06226091,        -2.04557559, -2.60314993, -0.77397941, -2.16536194, -1.19805095,        -1.25760484, -0.88006538, -1.5031867 , -1.19773816, -2.16264398,        -2.35217306, -0.84987308, -1.97258114, -0.68438389,  2.19225959,        -1.50793027, -2.72460966, -0.72122578, -1.92021088, -1.61186493,        -2.02047167, -2.43113525, -0.83188915],       [-2.68793143, -2.9535193 , -1.37079472, -2.49209252, -2.36268802,        -1.82022442, -2.87192989, -1.62211775, -2.64785142, -1.58566671,        -1.32057994, -2.75439737, -2.00626563, -1.33343962, -2.00596975,        -2.8801117 , -1.71384863, -1.40689285, -1.76426613, -0.73297259,        -1.5922679 , -0.8318354 , -2.67006071, -2.66573677, -1.06226091,        -2.04557559, -2.60314993, -0.77397941, -2.16536194, -1.19805095,        -1.25760484, -0.88006538, -1.5031867 , -1.19773816, -2.16264398,        -2.35217306, -0.84987308, -1.97258114, -0.68438389, -1.40774041,         2.09206973, -2.72460966, -0.72122578, -1.92021088, -1.61186493,        -2.02047167, -2.43113525, -0.83188915],       [-2.68793143, -2.9535193 , -1.37079472, -2.49209252, -2.36268802,        -1.82022442, -2.87192989, -1.62211775, -2.64785142, -1.58566671,        -1.32057994, -2.75439737, -2.00626563, -1.33343962, -2.00596975,        -2.8801117 , -1.71384863, -1.40689285, -1.76426613, -0.73297259,        -1.5922679 , -0.8318354 , -2.67006071, -2.66573677, -1.06226091,        -2.04557559, -2.60314993, -0.77397941, -2.16536194, -1.19805095,        -1.25760484, -0.88006538, -1.5031867 , -1.19773816, -2.16264398,        -2.35217306, -0.84987308, -1.97258114, -0.68438389, -1.40774041,        -1.50793027,  0.87539034, -0.72122578, -1.92021088, -1.61186493,        -2.02047167, -2.43113525, -0.83188915],       [-2.68793143, -2.9535193 , -1.37079472, -2.49209252, -2.36268802,        -1.82022442, -2.87192989, -1.62211775, -2.64785142, -1.58566671,        -1.32057994, -2.75439737, -2.00626563, -1.33343962, -2.00596975,        -2.8801117 , -1.71384863, -1.40689285, -1.76426613, -0.73297259,        -1.5922679 , -0.8318354 , -2.67006071, -2.66573677, -1.06226091,        -2.04557559, -2.60314993, -0.77397941, -2.16536194, -1.19805095,        -1.25760484, -0.88006538, -1.5031867 , -1.19773816, -2.16264398,        -2.35217306, -0.84987308, -1.97258114, -0.68438389, -1.40774041,        -1.50793027, -2.72460966,  2.87877422, -1.92021088, -1.61186493,        -2.02047167, -2.43113525, -0.83188915],       [-2.68793143, -2.9535193 , -1.37079472, -2.49209252, -2.36268802,        -1.82022442, -2.87192989, -1.62211775, -2.64785142, -1.58566671,        -1.32057994, -2.75439737, -2.00626563, -1.33343962, -2.00596975,        -2.8801117 , -1.71384863, -1.40689285, -1.76426613, -0.73297259,        -1.5922679 , -0.8318354 , -2.67006071, -2.66573677, -1.06226091,        -2.04557559, -2.60314993, -0.77397941, -2.16536194, -1.19805095,        -1.25760484, -0.88006538, -1.5031867 , -1.19773816, -2.16264398,        -2.35217306, -0.84987308, -1.97258114, -0.68438389, -1.40774041,        -1.50793027, -2.72460966, -0.72122578,  1.67978912, -1.61186493,        -2.02047167, -2.43113525, -0.83188915],       [-2.68793143, -2.9535193 , -1.37079472, -2.49209252, -2.36268802,        -1.82022442, -2.87192989, -1.62211775, -2.64785142, -1.58566671,        -1.32057994, -2.75439737, -2.00626563, -1.33343962, -2.00596975,        -2.8801117 , -1.71384863, -1.40689285, -1.76426613, -0.73297259,        -1.5922679 , -0.8318354 , -2.67006071, -2.66573677, -1.06226091,        -2.04557559, -2.60314993, -0.77397941, -2.16536194, -1.19805095,        -1.25760484, -0.88006538, -1.5031867 , -1.19773816, -2.16264398,        -2.35217306, -0.84987308, -1.97258114, -0.68438389, -1.40774041,        -1.50793027, -2.72460966, -0.72122578, -1.92021088,  1.98813507,        -2.02047167, -2.43113525, -0.83188915],       [-2.68793143, -2.9535193 , -1.37079472, -2.49209252, -2.36268802,        -1.82022442, -2.87192989, -1.62211775, -2.64785142, -1.58566671,        -1.32057994, -2.75439737, -2.00626563, -1.33343962, -2.00596975,        -2.8801117 , -1.71384863, -1.40689285, -1.76426613, -0.73297259,        -1.5922679 , -0.8318354 , -2.67006071, -2.66573677, -1.06226091,        -2.04557559, -2.60314993, -0.77397941, -2.16536194, -1.19805095,        -1.25760484, -0.88006538, -1.5031867 , -1.19773816, -2.16264398,        -2.35217306, -0.84987308, -1.97258114, -0.68438389, -1.40774041,        -1.50793027, -2.72460966, -0.72122578, -1.92021088, -1.61186493,         1.57952833, -2.43113525, -0.83188915],       [-2.68793143, -2.9535193 , -1.37079472, -2.49209252, -2.36268802,        -1.82022442, -2.87192989, -1.62211775, -2.64785142, -1.58566671,        -1.32057994, -2.75439737, -2.00626563, -1.33343962, -2.00596975,        -2.8801117 , -1.71384863, -1.40689285, -1.76426613, -0.73297259,        -1.5922679 , -0.8318354 , -2.67006071, -2.66573677, -1.06226091,        -2.04557559, -2.60314993, -0.77397941, -2.16536194, -1.19805095,        -1.25760484, -0.88006538, -1.5031867 , -1.19773816, -2.16264398,        -2.35217306, -0.84987308, -1.97258114, -0.68438389, -1.40774041,        -1.50793027, -2.72460966, -0.72122578, -1.92021088, -1.61186493,        -2.02047167,  1.16886475, -0.83188915],       [-2.68793143, -2.9535193 , -1.37079472, -2.49209252, -2.36268802,        -1.82022442, -2.87192989, -1.62211775, -2.64785142, -1.58566671,        -1.32057994, -2.75439737, -2.00626563, -1.33343962, -2.00596975,        -2.8801117 , -1.71384863, -1.40689285, -1.76426613, -0.73297259,        -1.5922679 , -0.8318354 , -2.67006071, -2.66573677, -1.06226091,        -2.04557559, -2.60314993, -0.77397941, -2.16536194, -1.19805095,        -1.25760484, -0.88006538, -1.5031867 , -1.19773816, -2.16264398,        -2.35217306, -0.84987308, -1.97258114, -0.68438389, -1.40774041,        -1.50793027, -2.72460966, -0.72122578, -1.92021088, -1.61186493,        -2.02047167, -2.43113525,  2.76811085],       [-2.65043143, -2.9160193 , -1.33329472, -2.45459252, -2.32518802,        -1.78272442, -2.83442989, -1.58461775, -2.61035142, -1.54816671,        -1.28307994, -2.71689737, -1.96876563, -1.29593962, -1.96846975,        -2.8426117 , -1.67634863, -1.36939285, -1.72676613, -0.69547259,        -1.5547679 , -0.7943354 , -2.63256071, -2.62823677, -1.02476091,        -2.00807559, -2.56564993, -0.73647941, -2.12786194, -1.16055095,        -1.22010484, -0.84256538,  0.2968133 , -1.16023816, -2.12514398,        -2.31467306, -0.81237308, -1.93508114, -0.64688389, -1.37024041,        -1.47043027, -2.68710966, -0.68372578, -1.88271088, -1.57436493,        -1.98297167, -2.39363525, -0.79438915],       [-2.6500408 , -2.91562868, -1.3329041 , -2.4542019 , -2.32479739,        -1.78233379, -2.83403927, -1.58422712, -0.8474608 , -1.54777609,        -1.28268931, -2.71650675, -1.968375  , -1.295549  , -1.96807913,        -2.84222107, -1.675958  , -1.36900223, -1.72637551, -0.69508196,        -1.55437728, -0.79394478, -2.63217009, -2.62784614, -1.02437028,        -2.00768497, -2.5652593 , -0.73608878, -2.12747131, -1.16016033,        -1.21971421, -0.84217476, -1.4844367 , -1.15984753, -2.12475335,        -2.31428243, -0.81198245, -1.93469052, -0.64649326, -1.36984978,        -1.47003965, -2.68671904, -0.68333515, -1.88232025, -1.5739743 ,        -1.98258105, -2.39324462, -0.79399853],       [-2.64964611, -2.91523398, -1.3325094 , -2.4538072 , -2.3244027 ,        -1.7819391 , -2.83364457, -1.58383243, -2.62870673, -1.54738139,        -1.28229462, -2.71611205, -1.96798031, -1.2951543 , -1.96768443,        -2.84182638, -1.67556331, -1.36860753, -1.72598081, -0.69468727,        -1.55398258,  0.96894992, -2.63177539, -2.62745145, -1.02397559,        -2.00729027, -2.56486461, -0.73569409, -2.12707662, -1.15976563,        -1.21931952, -0.84178006, -1.48424139, -1.15945284, -2.12435866,        -2.31388774, -0.81158776, -1.93429583, -0.64609857, -1.36945509,        -1.46964495, -2.68632435, -0.68294046, -1.88192556, -1.57357961,        -1.98218635, -2.39284993, -0.79360383],       [-0.8867473 , -2.91483518, -1.3321106 , -2.4534084 , -2.32400389,        -1.78154029, -2.83324577, -1.58343362, -2.6285073 , -1.54698259,        -1.28189581, -2.71571325, -1.9675815 , -1.2947555 , -1.96728563,        -2.84142757, -1.6751645 , -1.36820873, -1.72558201, -0.69428846,        -1.55358378, -0.8122919 , -2.63137659, -2.62705264, -1.02357678,        -2.00689147, -2.5644658 , -0.73529528, -2.12667781, -1.15936683,        -1.21892071, -0.84138126, -1.48404404, -1.15905403, -2.12395985,        -2.31348894, -0.81118895, -1.93389702, -0.64569976, -1.36905628,        -1.46924615, -2.68592554, -0.68254165, -1.88152676, -1.5731808 ,        -1.98178755, -2.39245112, -0.79320503],       [-2.66798497, -2.91443222, -1.33170764, -2.45300544, -2.32360093,        -1.78113733, -2.83284281, -1.58303066, -2.6283058 , -1.54657963,        -1.28149285, -2.71531029, -1.96717855, -1.29435254, -1.96688267,        -2.84102461, -1.67476154, -1.36780577, -1.72517905, -0.6938855 ,        -1.55318082, -0.81208833, -2.63097363, -2.62664968, -1.02317382,        -2.00648851, -2.56406284, -0.73489232, -2.12627485, -1.15896387,        -1.21851775, -0.8409783 , -1.48384464, -1.15865107, -2.1235569 ,        -2.31308598, -0.81078599, -1.93349406, -0.6452968 , -1.36865332,        -1.46884319, -2.68552258,  1.0803613 , -1.8811238 , -1.57277784,        -1.98138459, -2.39204816, -0.79280207],       [-2.66777719, -2.91402506, -1.33130048, -2.45259828, -2.32319378,        -1.78073018, -2.83243565, -1.58262351, -2.6281022 , -1.54617247,        -1.28108569, -2.71490313, -1.96677139, -1.29394538, -1.96647551,        -2.84061746, -1.67435438, -1.36739861, -1.72477189, -0.69347834,        -1.55277366, -0.81188263, -0.86806647, -2.62624253, -1.02276667,        -2.00608135, -2.56365569, -0.73448517, -2.1258677 , -1.15855671,        -1.21811059, -0.84057114, -1.48364316, -1.15824392, -2.12314974,        -2.31267882, -0.81037884, -1.9330869 , -0.64488965, -1.36824616,        -1.46843603, -2.68511542, -0.70087216, -1.88071664, -1.57237068,        -1.98097743, -2.39164101, -0.79239491],       [-2.66756725, -2.91361366, -1.33088908, -2.45218688, -2.32278238,        -1.78031878, -2.83202425, -1.58221211, -2.62789648, -1.54576107,        -1.2806743 , -2.71449173, -1.96635999, -1.29353398, -1.96606411,        -2.84020606, -1.67394299, -1.36698721, -1.72436049, -0.69306695,        -1.55236226, -0.81167479, -2.6492957 , -2.62583113, -1.02235527,        -2.00566995, -2.56324429, -0.73407377, -2.1254563 ,  0.60435469,        -1.2176992 , -0.84015974, -1.48343958, -1.15783252, -2.12273834,        -2.31226742, -0.80996744, -1.9326755 , -0.64447825, -1.36783477,        -1.46802463, -2.68470403, -0.70066015, -1.88030524, -1.57195929,        -1.98056603, -2.39122961, -0.79198351],       [-2.66735513, -2.91319798, -1.3304734 , -2.4517712 , -2.32236669,        -1.77990309, -2.83160857, -1.58179642, -2.62768862, -1.54534539,        -1.28025861, -2.71407605, -1.96594431, -1.2931183 , -1.96564843,        -2.83979038, -1.6735273 , -1.36657153, -1.72394481, -0.69265126,        -1.55194658, -0.81146478, -2.64907939, -2.62541544, -1.02193958,        -2.00525427, -2.5628286 , -0.73365808, -2.12504061, -1.17687025,        -1.21728351, -0.83974406, -1.48323388, -1.15741684, -2.12232266,        -2.31185174, -0.80955175, -1.93225982,  1.11843744, -1.36741908,        -1.46760895, -2.68428834, -0.70044592, -1.87988956, -1.5715436 ,        -1.98015035, -2.39081392, -0.79156783],       [-2.66714079, -2.91277796, -1.33005338, -2.45135118, -2.32194668,        -1.77948308, -2.83118855, -1.58137641, -2.62747859, -1.54492537,        -1.2798386 , -2.71365603, -1.96552429, -1.29269828, -1.96522842,        -2.83937036, -1.67310729, -1.36615151, -1.72352479, -0.69223125,        -1.55152657, -0.81125259, -2.64886084, -2.62499543, -1.02151957,        -2.00483425, -2.56240859, -0.73323807, -2.1246206 , -1.17664962,        -1.2168635 , -0.83932404, -1.48302604, -1.15699682, -2.12190264,        -2.31143172, -0.80913174, -1.93183981, -0.66278317,  0.39550093,        -1.46718893, -2.68386833, -0.70022946, -1.87946954, -1.57112359,        -1.97973034, -2.39039391, -0.79114781],       [-2.66692422, -2.91235358, -1.32962899, -2.4509268 , -2.32152229,        -1.77905869, -2.83076417, -1.58095202, -2.62726637,  0.21799901,        -1.27941421, -2.71323164, -1.9650999 , -1.2922739 , -1.96480403,        -2.83894597, -1.6726829 , -1.36572713, -1.72310041, -0.69180686,        -1.55110218, -0.81103818, -2.64864001, -2.62457104, -1.02109518,        -2.00440987, -2.5619842 , -0.73281368, -2.12419621, -1.17642669,        -1.21643911, -0.83889966, -1.48281603, -1.15657243, -2.12147825,        -2.31100733, -0.80870735, -1.93141542, -0.66255817, -1.3857153 ,        -1.46676455, -2.68344394, -0.70001075, -1.87904515, -1.5706992 ,        -1.97930595, -2.38996952, -0.79072342],       [-2.66670539, -2.91192477, -1.32920019, -2.45049799, -2.32109348,        -1.77862988, -2.83033536, -1.58052321, -2.62705194, -1.5632128 ,        -1.2789854 , -2.71280284, -1.96467109, -1.29184509, -1.96437522,        -2.83851716, -1.67225409, -1.36529832, -1.7226716 , -0.69137805,        -1.55067337, -0.81082154, -2.64841687, -2.62414223, -1.02066637,        -2.00398106, -2.56155539, -0.73238487, -2.1237674 , -1.17620144,        -1.2160103 , -0.83847085, -1.48260384, -1.15614362, -2.12104944,        -0.54807852, -0.80827854, -1.93098661, -0.66233082, -1.38548588,        -1.46633574, -2.68301513, -0.69978976, -1.87861634, -1.57027039,        -1.97887714, -2.38954071, -0.79029462],       [-2.66648429, -2.91149149, -1.32876691, -2.45006471, -2.32066021,        -1.77819661, -2.82990208, -1.58008993, -2.62683528, -1.56297891,        -1.27855212, -2.71236956, -1.96423782, -1.29141181, -1.96394194,        -2.83808389, -1.67182081, -1.36486504, -1.72223832, -0.69094477,        -1.55024009, -0.81060265, -2.64819142, -2.62370895,  0.7422669 ,        -2.00354778, -2.56112211, -0.7319516 , -2.12333412, -1.17597384,        -1.21557702, -0.83803757, -1.48238944, -1.15571035, -2.12061617,        -2.32928587, -0.80784526, -1.93055333, -0.6621011 , -1.38525406,        -1.46590246, -2.68258185, -0.69956647, -1.87818307, -1.56983711,        -1.97844386, -2.38910744, -0.78986134],       [-2.64790151, -2.89269432, -1.30996974, -2.43126754, -2.30186304,        -1.75939944, -2.81110491, -1.56129277, -2.60825699, -1.5443832 ,        -1.25975496, -2.69357239, -1.94544065, -1.27261464, -1.94514478,        -2.81928672, -1.65302365, -1.34606787, -1.70344115, -0.67214761,        -1.53144293, -0.7920221 , -2.62960424, -2.60491179, -1.02057656,        -1.98475061, -2.54232495, -0.71315443, -2.10453696, -1.15738449,        -1.19677986, -0.8192404 , -0.6009228 , -1.13691318, -2.101819  ,        -2.31068809, -0.7890481 , -1.91175617, -0.64350961, -1.36666045,        -1.44710529, -2.66378469, -0.68098148, -1.8593859 , -1.55103995,        -1.9596467 , -2.37031027, -0.77106417],       [-2.64768391, -2.89226011, -1.30953553, -2.43083333, -2.30142883,        -1.75896523, -2.8106707 , -1.56085856, -1.7451533 , -1.54415254,        -1.25932075, -2.69313818, -1.94500644, -1.27218043, -1.94471056,        -2.81885251, -1.65258944, -1.34563366, -1.70300694, -0.6717134 ,        -1.53100871, -0.79180676, -2.6293822 , -2.60447758, -1.02034172,        -1.9843164 , -2.54189074, -0.71272022, -2.10410275, -1.15716027,        -1.19634565, -0.81880619, -1.48234453, -1.13647897, -2.10138479,        -2.31045534, -0.78861389, -1.91132196, -0.64328322, -1.36643192,        -1.44667108, -2.66335048, -0.68076165, -1.85895169, -1.55060574,        -1.95921248, -2.36987606, -0.77062996],       [-2.64746612, -2.89182345, -1.30909887, -2.43039667, -2.30099217,        -1.75852857, -2.81023404, -1.5604219 , -2.62657259, -1.54392156,        -1.25888409, -2.69270152, -1.94456978, -1.27174377, -1.94427391,        -2.81841585, -1.65215278, -1.345197  , -1.70257028, -0.67127674,        -1.53057206,  0.07129937, -2.62915992, -2.60404092, -1.02010653,        -1.98387974, -2.54145408, -0.71228356, -2.10366609, -1.15693578,        -1.19590899, -0.81836953, -1.48222711, -1.13604231, -2.10094813,        -2.31022223, -0.78817723, -1.9108853 , -0.64305654, -1.36620308,        -1.44623442, -2.66291382, -0.6805416 , -1.85851503, -1.55016908,        -1.95877583, -2.3694394 , -0.7701933 ],       [-1.78435754, -2.89138435, -1.30865977, -2.42995757, -2.30055306,        -1.75808946, -2.80979494, -1.55998279, -2.62645272, -1.54369028,        -1.25844498, -2.69226242, -1.94413067, -1.27130467, -1.9438348 ,        -2.81797674, -1.65171367, -1.3447579 , -1.70213118, -0.67083763,        -1.53013295, -0.81011746, -2.62893743, -2.60360181, -1.01987097,        -1.98344064, -2.54101497, -0.71184445, -2.10322698, -1.15671105,        -1.19546988, -0.81793043, -1.48210951, -1.1356032 , -2.10050902,        -2.3099888 , -0.78773812, -1.91044619, -0.64282961, -1.36597395,        -1.44579532, -2.66247471, -0.68032137, -1.85807592, -1.54972997,        -1.95833672, -2.36900029, -0.7697542 ],       [-2.67553738, -2.91007917, -1.32735459, -2.44865239, -2.31924789,        -1.77678429, -2.82848976, -1.57867761, -2.63590188, -1.56259508,        -1.2771398 , -2.71095724, -1.9628255 ,  0.47250051, -1.96252962,        -2.83667157, -1.67040849, -1.36345272, -1.720826  , -0.68953245,        -1.54882777, -0.81966298, -2.64785112, -2.62229663, -1.03877147,        -2.00213546, -2.55970979, -0.73053928, -2.1219218 , -1.17562249,        -1.2141647 , -0.83662525, -1.49146129, -1.15429803, -2.11920385,        -2.32889145, -0.80643294, -1.92914101, -0.66173881, -1.38488095,        -1.46449014, -2.68116953, -0.69923734, -1.87677075, -1.56842479,        -1.97703154, -2.38769512, -0.78844902],       [-2.66564282, -2.89049028, -1.3077657 , -2.4290635 , -2.299659  ,        -1.7571954 , -2.80890087, -1.55908873, -2.62620819, -1.54321837,        -1.25755092, -2.69136835, -1.94323661, -1.28955123, -1.94294073,        -2.81708268, -1.65081961, -1.34386383, -1.70123711, -0.66994357,        -1.52923888, -0.80986835, -2.62848339, -2.60270775, -1.01939041,        -1.98254657, -2.54012091, -0.71095039, -2.10233292, -1.15625248,        -1.19457582, -0.81703636, -1.4818696 , -1.13470914, -2.09961496,        -2.30951255, -0.78684406, -1.90955213, -0.64236654, -1.36550644,        -1.44490125, -2.66158065,  0.18301871, -1.85718186, -1.54883591,        -1.95744266, -2.36810623, -0.76886013],       [-2.67538387, -2.90937727, -1.32665269, -2.44795049, -2.31854599,        -1.77608239, -2.82778786, -1.57797572, -2.63575555, -1.56231974,        -1.27643791, -2.71025534, -1.9621236 , -1.3086376 , -1.96182772,        -2.83596967, -1.6697066 , -1.36275082, -1.7201241 , -0.68883056,        -1.54812587, -0.81951306, -2.64759383, -0.85909474, -1.03848738,        -2.00143356, -2.5590079 , -0.72983738, -2.12121991, -1.17536062,        -1.21346281, -0.83592335, -1.49131857, -1.15359613, -2.11850195,        -2.32861171, -0.80573105, -1.92843912, -0.6614724 , -1.38461005,        -1.46378824, -2.68046764, -0.70835562, -1.87606885, -1.5677229 ,        -1.97632964, -2.38699322, -0.78774712],       [-2.67525317, -2.90891746, -1.32619288, -2.44749068, -2.31808618,        -1.77562258, -2.82732805, -1.57751591, -2.63562955, -1.56207654,        -1.27597809, -2.70979553, -1.96166379, -1.30837925, -1.96136791,        -2.83550986, -1.66924678, -1.36229101, -1.71966429, -0.68837074,        -1.54766606, -0.8193847 , -2.6473598 , -2.64027555, -1.03823974,        -2.00097375, -2.55854809, -0.72937757, -2.1207601 , -1.17512426,        -1.21300299, -0.83546354, -1.49119495, -1.15313632, -2.11804214,        -2.32836628, -0.80527124, -0.1654793 , -0.66123374, -1.38436911,        -1.46332843, -2.68000782, -0.70822155, -1.87560904, -1.56726308,        -1.97586983, -2.38653341, -0.78728731],       [-2.66525393, -2.88911714, -1.30639255, -2.42769036, -2.29828585,        -1.75582225, -2.80752773, -1.55771558, -2.62583335, -1.54249509,        -1.25617777, -2.6899952 , -1.94186346, -1.28878248, -1.94156759,        -2.81570953, -1.64944646, -1.34249069, -1.69986397, -0.66857042,        -1.52786574, -0.80948646, -1.76489699, -2.62067461, -1.0186538 ,        -1.98117343, -2.53874776, -0.70957724, -2.10095977, -1.15554972,        -1.19320267, -0.81566322, -1.48150184, -1.13333599, -2.09824181,        -2.30878257, -0.78547091, -1.9273196 , -0.64165687, -1.36478993,        -1.44352811, -2.6602075 , -0.6981213 , -1.85580871, -1.54746276,        -1.95606951, -2.36673308, -0.76748698],       [-2.67509482, -2.9081934 , -1.32546882, -2.44676662, -2.31736212,        -1.77489852, -2.82660399, -1.57679185, -2.63547861, -1.56179251,        -1.27525403, -2.70907147, -1.96093973, -1.30806442, -1.96064385,        -2.8347858 , -1.66852272, -1.36156695, -1.71894023, -0.68764668,        -1.546942  , -0.81923005, -2.65646532, -2.63995233, -1.03794668,        -2.00024969, -0.79532403, -0.72865351, -2.12003604, -1.17485412,        -1.21227893, -0.83473948, -1.49104773, -1.15241226, -2.11731808,        -2.3280777 , -0.80454718, -1.94659525, -0.66095892, -1.38408965,        -1.46260437, -2.67928376, -0.70805744, -1.87488498, -1.56653902,        -1.97514577, -2.38580935, -0.78656325],       [-2.66499115, -2.88818412, -1.30545954, -2.42675734, -2.29735284,        -1.75488924, -2.80659471, -1.55678256, -2.62558012, -1.54200668,        -1.25524475, -2.68906219, -1.94093045, -1.28826296, -1.94063457,        -2.81477652, -1.64851344, -1.34155767, -1.69893095, -0.6676374 ,        -1.52693272, -0.80922844, -2.6461575 , -2.62014661, -1.01815627,        -1.98024041, -2.55695537, -0.70864422, -2.10002675, -0.29218472,        -1.19226965, -0.8147302 , -1.48125342, -1.13240298, -2.0973088 ,        -2.30828957, -0.78453789, -1.92678743, -0.64117777, -1.36430616,        -1.44259509, -2.65927448, -0.69785167, -1.8548757 , -1.54652974,        -1.95513649, -2.36580007, -0.76655397],       [-2.67493427, -2.90745636, -1.32473178, -2.44602958, -2.31662508,        -1.77416148, -2.82586695, -1.57605481, -2.6353256 , -1.56150471,        -1.274517  , -2.70833443, -1.96020269, -1.30774519, -1.95990682,        -2.83404876, -1.66778569, -1.36082991, -1.71820319, -0.68690965,        -1.54620497, -0.81907326, -2.65629101, -2.63962453, -1.03764967,        -1.99951265, -2.576427  , -0.72791647, -2.119299  , -1.18395144,        -1.2115419 , -0.83400244, -1.49089851,  0.61082478, -2.11658104,        -2.32778527, -0.80381014, -1.94626323, -0.66068053, -1.38380654,        -1.46186733, -2.67854673, -0.70789101, -1.87414794, -1.56580199,        -1.97440874, -2.38507231, -0.78582621],       [-2.67479889, -2.90697654, -1.32425196, -2.44554976, -2.31614526,        -1.77368166, -2.82538713, -1.57557499, -2.63519512, -1.56125302,        -1.27403718, -2.70785461, -1.95972287, -1.30747754, -1.95942699,        -2.83356894, -1.66730587, -1.36035009, -1.71772337, -0.68642983,         0.21677486, -0.81894032, -2.65614758, -2.63935253, -1.0373933 ,        -1.99903283, -2.57614863, -0.72743665, -2.11881918, -1.18380457,        -1.21106208, -0.83352262, -1.49077051, -1.17033602, -2.11610122,        -2.32753123, -0.80333032, -1.94598908, -0.66043362, -1.38355723,        -1.46138751, -2.67806691, -0.70775211, -1.87366812, -1.56532217,        -1.97392891, -2.38459249, -0.78534639],       [-2.66458827, -2.88675107, -1.30402649, -2.42532429, -2.29591979,        -1.75345619, -2.80516166, -1.55534952, -2.62519191, -1.54125806,        -1.25381171, -2.68762914, -1.9394974 , -1.28746645, -1.93920153,        -2.81334347, -1.6470804 , -1.34012462, -1.6974979 , -0.66620436,        -1.5446403 , -0.80883288, -2.64573055, -2.61933704, -1.01739361,        -1.97880736, -2.55612672, -0.70721118, -2.09859371, -1.17328645,        -1.19083661, -0.81329715, -1.4808726 , -1.15030994, -2.09587575,        -2.3075339 , -0.78310485, -1.92597144,  0.22244714, -1.36356467,        -1.44116204, -2.65784144, -0.69743828, -1.85344265, -1.5450967 ,        -1.95370345, -2.36436702, -0.76512092],       [-2.67463327, -2.90621623, -1.32349165, -2.44478945, -2.31538495,        -1.77292135, -2.82462682, -1.57481468, -2.63503728, -1.56095613,        -1.27327687, -2.7070943 , -1.95896256, -1.30714823, -1.95866668,        -2.83280863,  0.09595444, -1.35958978, -1.71696306, -0.68566952,        -1.56430484, -0.81877858, -2.65596776, -2.63901437, -1.03708691,        -1.99827252, -2.57579756, -0.72667634, -2.11805887, -1.18361884,        -1.21030177, -0.83276231, -1.49061657, -1.16997655, -2.11534091,        -2.32722957, -0.80257001, -1.94564658, -0.66951737, -1.38326517,        -1.4606272 , -2.6773066 , -0.70758043, -1.87290781, -1.56456186,        -1.9731686 , -2.38383218, -0.78458608],       [-2.67449474, -2.90572349, -1.32299891, -2.44429671, -2.31489221,        -1.77242861, -2.82413408, -1.57432194, -2.63490379, -1.56069873,        -1.27278413, -2.70660156, -0.19596982, -1.30687436, -1.95817394,        -2.83231589, -1.68519344, -1.35909704, -1.71647032, -0.68517678,        -1.56401356, -0.81864257, -2.65582096, -2.63873602, -1.03682468,        -1.99777978, -2.57551264, -0.7261836 , -2.11756613, -1.1834685 ,        -1.20980903, -0.83226957, -1.49048564, -1.16968737, -2.11484817,        -2.32696974, -0.80207727, -1.94536601, -0.66936251, -1.38301022,        -1.46013446, -2.67681386, -0.70743829, -1.87241507, -1.56406912,        -1.97267586, -2.38333944, -0.78409334],       [-2.66417603, -2.88527934, -1.30255476, -2.42385256, -2.29444806,        -1.75198446, -2.80368993, -1.55387779, -2.62479472, -1.54049237,        -1.25233997, -2.68615741, -1.95716629, -1.28665136, -1.93772979,        -2.81187174, -1.66494867, -1.33865289, -1.69602617, -0.66473262,        -1.54377296, -0.80842814, -2.64529353, -2.61850848, -1.01661344,        -1.97733563, -2.55527847, -0.70573945, -2.09712198, -1.17283887,        -1.18936487, -0.81182542, -1.48048301, -1.1494489 , -2.09440402,        -2.30676093, -0.78163311, -1.92513624, -0.65863069, -0.49991571,        -1.43969031, -2.6563697 , -0.69701522, -1.85197092, -1.54362496,        -1.95223171, -2.36289529, -0.76364919],       [-2.6743239 , -2.90493918, -1.3222146 , -2.4435124 , -2.31410789,        -1.77164429, -2.82334977, -1.57353762, -2.63474097, -1.56039247,        -1.27199981, -2.70581725, -1.97702551, -1.30653465, -1.95738963,        -2.83153157, -1.68480996, -1.35831273, -1.71568601, -0.68439246,        -1.56363848, -0.81847573, -2.65563547, -2.63838719, -1.03650861,        -1.99699547, -2.57515048,  1.03710072, -2.11678181, -1.18327691,        -1.20902471, -0.83148526, -1.49032684, -1.16931655, -2.11406385,        -2.32665855, -0.80129295, -1.94501269, -0.66916278, -1.39207987,        -1.45935015, -2.67602954, -0.70726119, -1.87163075, -1.5632848 ,        -1.97189155, -2.38255512, -0.78330902],       [-2.66389737, -2.88427908, -1.3015545 , -2.4228523 , -2.2934478 ,        -1.7509842 , -2.80268967, -1.55287752, -2.6245263 , -0.67708452,        -1.25133971, -2.68515715, -1.95656687, -1.28610033, -1.93672953,        -2.81087148, -1.66435343, -1.33765263, -1.69502591, -0.66373236,        -1.5431862 , -0.80815459, -2.64499799, -2.61794824, -1.01608631,        -1.97633537, -2.55470476, -0.72387981, -2.09612171, -1.17253613,        -1.18836461, -0.81082516, -1.48021975, -1.14886644, -2.09340376,        -2.30623872, -0.78063285, -1.92457147, -0.65831872, -1.38113361,        -1.43869005, -2.65536944, -0.6967292 , -1.85097066, -1.5426247 ,        -1.95123145, -2.36189503, -0.76264893],       [-2.67415062, -2.90414069, -1.32141611, -2.44271391, -2.31330941,        -1.77084581, -2.82255128, -1.57273914, -2.63457586, -1.56945299,        -1.27120132, -2.70501876, -1.97663204, -1.30619008, -1.95659114,        -2.83073309, -1.68442071, -1.35751424,  0.04761248, -0.68359397,        -1.56325779, -0.81830653, -2.65544727, -2.63803331, -1.03618818,        -1.99619698, -2.57478299, -0.7439408 , -2.11598333, -1.18308248,        -1.20822622, -0.83068677, -1.49016584, -1.16894022, -2.11326537,        -2.32634311, -0.80049446, -1.94465423, -0.66896007, -1.39186901,        -1.45855166, -2.67523105, -0.70708154, -1.87083227, -1.56248631,        -1.97109306, -2.38175664, -0.78251054],       [-2.66361516, -2.88326234, -1.30053776, -2.42183556, -2.29243105,        -1.74996745, -2.80167293, -1.55186078, -2.62425449, -1.55829103,        -1.25032297, -2.68414041, -1.95595937, -1.28554224, -1.93571279,        -2.80985474, -1.66375018, -1.33663589, -1.71314979, -0.66271562,        -1.54259161, -0.80787756, -2.64469859, -2.61738074, -1.0155526 ,        -1.97531863, -2.55412351, -0.72326391, -2.09510497, -1.1722294 ,        -1.18734787, -0.80980842, -1.47995318, -1.14827625, -2.09238702,        -1.44281943, -0.77961611, -1.92399933, -0.65800259, -1.38080824,        -1.43767331, -2.6543527 , -0.69643949, -1.84995392, -1.54160796,        -1.95021471, -2.36087828, -0.76163219],       [-2.66347472, -2.88275165, -1.30002707, -2.42132487, -2.29192036,        -1.74945676, -2.80116224, -1.55135009, -2.62411928, -1.55812525,        -1.24981228, -2.68362972, -1.95565649, -1.28526446, -1.9352021 ,        -2.80934404, -1.66344947, -1.3361252 , -1.71283848, -0.66220493,        -1.54229531, -0.80773973, -2.64454948, -2.61709818, -0.15239658,        -1.97480794, -2.55383397, -0.72295677, -2.09459428, -1.1720766 ,        -1.18683718, -0.80929773, -1.4798206 , -1.14798218, -2.09187632,        -2.32418908, -0.77910542, -1.92371442, -0.65784504, -1.38064602,        -1.43716262, -2.65384201, -0.69629527, -1.84944322, -1.54109727,        -1.94970402, -2.36036759, -0.7611215 ],       [-2.65434555, -2.87324949, -1.29052491, -2.41182271, -2.28241821,        -1.73995461, -2.79166008, -1.54184794, -2.61499536, -1.54897055,        -1.24031013, -2.67412756, -1.94636433, -1.27599764, -1.92569995,        -2.79984189, -1.65415949, -1.32662304, -1.70353779, -0.65270278,        -1.53300977, -0.79861318, -2.63541156, -2.60782654, -1.02477477,        -1.96530578, -2.54455527, -0.7136603 , -2.08509213, -1.16293497,        -1.17733503, -0.79979557, -1.04824247, -1.1386989 , -2.08237417,        -2.31503082, -0.76960327, -1.91444041, -0.64869862, -1.3714949 ,        -1.42766046, -2.64433986, -0.68716229, -1.83994107, -1.53159512,        -1.94020187, -2.35086544, -0.75161934],       [-2.65430614, -2.87283436, -1.29010978, -2.41140758, -2.28200308,        -1.73953948, -2.79124495, -1.54143281, -2.19250438, -1.54890541,        -1.239895  , -2.67371243, -1.94616136, -1.2758203 , -1.92528481,        -2.79942676, -1.65395874, -1.32620791, -1.70332621, -0.65228765,        -1.53281351, -0.79857641, -2.63536335, -2.60764432, -1.02470353,        -1.96489065, -2.54436592, -0.71345299, -2.084677  , -1.16288301,        -1.17691989, -0.79938044, -1.48443144, -1.13850491, -2.08195904,        -2.3149621 , -0.76918814, -1.91425578, -0.64864183, -1.37143337,        -1.42724533, -2.64392472, -0.68711905, -1.83952594, -1.53117999,        -1.93978673, -2.35045031, -0.75120421],       [-2.6542685 , -2.87241823, -1.28969365, -2.41099145, -2.28158694,        -1.73912335, -2.79082882, -1.54101667, -2.62869247, -1.54884183,        -1.23947886, -2.6732963 , -1.94595961, -1.27564444, -1.92486868,        -2.79901063, -1.65375923, -1.32579178, -1.70311576, -0.65187151,        -1.53261853, -0.37608455, -2.63531683, -2.60746352, -1.02463382,        -1.96447452, -2.54417792, -0.71324684, -2.08426086, -1.16283272,        -1.17650376, -0.79896431, -1.48439569, -1.13831224, -2.08154291,        -2.31489493, -0.768772  , -1.91407256, -0.64858668, -1.37137343,        -1.4268292 , -2.64350859, -0.68707754, -1.83910981, -1.53076385,        -1.9393706 , -2.35003417, -0.75078808],       [-2.23177578, -2.87200111, -1.28927653, -2.41057433, -2.28116983,        -1.73870623, -2.7904117 , -1.54059956, -2.62865587, -1.54877985,        -1.23906175, -2.67287918, -1.94575911, -1.27547009, -1.92445156,        -2.79859351, -1.65356098, -1.32537466, -1.70290646, -0.6514544 ,        -1.53242486, -0.81227179, -2.63527204, -2.6072842 , -1.02456566,        -1.9640574 , -2.54399132, -0.71304189, -2.08384375, -1.16278412,        -1.17608664, -0.79854719, -1.4843607 , -1.1381209 , -2.08112579,        -2.31482932, -0.76835489, -1.91389078, -0.64853318, -1.37131511,        -1.42641208, -2.64309147, -0.6870378 , -1.83869269, -1.53034674,        -1.93895348, -2.34961706, -0.75037096],       [-2.67274318, -2.88095188, -1.2982273 , -2.4195251 , -2.29012059,        -1.74765699, -2.79936247, -1.54955032, -2.63330497, -1.55808834,        -1.24801251, -2.68182995, -1.95492875, -0.42177553, -1.93340233,        -2.80754427, -1.6627329 , -1.33432543, -1.71206721, -0.66040516,        -1.54160141, -0.81696756, -2.64459785, -2.61647523, -1.03386793,        -1.97300817, -2.55317499, -0.72220704, -2.09279451, -1.17210611,        -1.18503741, -0.80749796, -1.48896263, -1.1472998 , -2.09007655,        -2.32413416, -0.77730565, -1.92307934, -0.65785022, -1.3806273 ,        -1.43536285, -2.65204224, -0.69636871, -1.84764345, -1.5392975 ,        -1.94790425, -2.35856782, -0.75932173],       [-2.66786987, -2.87105807, -1.28833349, -2.40963129, -2.28022679,        -1.73776319, -2.78946866, -1.53965652, -2.62853205, -1.54855488,        -1.23811871, -2.67193614, -1.9452561 , -1.29376207, -1.92350853,        -2.79765047, -1.65306255, -1.32443162, -1.70238558, -0.65051136,        -1.53193574, -0.81214419, -2.63508184, -2.6068242 , -1.0243282 ,        -1.96311436, -2.54351653, -0.71252985, -2.08290071, -1.16258624,        -1.17514361, -0.79760415, -1.48424067, -1.13763651, -2.08018275,        -2.31459702, -0.76741185, -1.9134258 , -0.64832537, -1.37109756,        -1.42546904, -2.64214844, -0.26440097, -1.83774965, -1.5294037 ,        -1.93801045, -2.34867402, -0.74942792],       [-2.6788052 , -1.13921361, -1.31898903, -2.44028683, -2.31088233,        -1.76841873, -2.8201242 , -1.57031206, -2.63915242, -1.56939247,        -1.26877425, -2.70259168, -1.97613509, -1.31529295, -1.95416406,        -2.82830601, -1.68394387, -1.35508716, -1.7332555 , -0.6811669 ,        -1.56282179, -0.82292261, -2.65550614, -2.63772503, -1.04536832,        -1.9937699 , -2.57440986, -0.74340426, -2.11355625, -1.18311606,        -1.20579915, -0.82825969, -1.49470187, -1.16852496, -2.11083829,        -2.33553586, -0.79806739, -1.94432411, -0.66895844, -1.39183284,        -1.45612458, -2.67280398, -0.71176462, -1.86840519, -1.56005924,        -1.96866598, -2.37932956, -0.78008346],       [-2.67256706, -2.89870339, -1.29683819, -2.41813599, -2.28873148,        -1.74626788, -2.79797336, -1.54816121, -2.63313987, -1.55779266,        -1.2466234 , -2.68044084, -1.95421003, -1.30296127, -1.93201322,        -2.80615517, -1.66202116, -1.33293632, -1.71132127, -0.65901605,        -1.54090386, -0.81679695, -2.64435512, -1.75293142, -1.03355323,        -1.97161906, -2.55249928, -0.72147457, -2.0914054 , -1.17185167,        -1.1836483 , -0.80610885, -1.48880304, -1.14660946, -2.08868745,        -2.32382731, -0.77591654, -1.92241857, -0.65758068, -1.3803429 ,        -1.43397374, -2.65065313, -0.70536505, -1.84625435, -1.53790839,        -1.94651514, -2.35717871, -0.75793262],       [-2.67247373, -2.89836709, -1.2963025 , -2.4176003 , -2.2881958 ,        -1.7457322 , -2.79743767, -1.54762553, -2.63305094, -1.55762644,        -1.24608772, -2.67990515, -1.95390248, -1.30277566, -1.93147754,        -2.80561948, -1.66171599, -1.33240063, -1.71100446, -0.65848037,        -1.54060352, -0.81670582, -2.64420681, -2.63427866, -1.0333806 ,        -1.97108337, -2.55220637, -0.72116234, -2.09086972, -1.17169941,        -1.18311262, -0.80557316, -1.48871632, -1.14631156, -2.08815176,        -2.32365731, -0.77538086, -1.05924011, -0.65742329, -1.38018049,        -1.43343805, -2.65011745, -0.70526826, -1.84571866, -1.53737271,        -1.94597946, -2.35664303, -0.75739693],       [-2.67865184, -2.92009351, -1.31782746, -2.43912526, -2.30972076,        -1.76725716, -2.81896263, -1.56915049, -2.6390077 , -1.56912944,        -1.26761268, -2.70143011, -1.97565795, -1.31498643, -1.9530025 ,        -2.82714444, -1.68347386, -1.35392559, -1.73275057, -0.68000533,        -1.56236627, -0.82277357, -2.65528795, -2.64668158, -1.04509034,        -0.23010833, -2.57397662, -0.74291308, -2.11239468, -1.18288826,        -1.20463758, -0.82709812, -1.49456146, -1.16807679, -2.10967672,        -2.33526366, -0.79690582, -1.95327706, -0.66871752, -1.39157906,        -1.45496301, -2.67164241, -0.71160415, -1.86724362, -1.55889767,        -1.96750442, -2.37816799, -0.77892189],       [-2.66745265, -2.8882151 , -1.28574549, -2.4070433 , -2.27763879,        -1.73517519, -2.78688067, -1.53706852, -2.6281359 , -1.54782107,        -1.23553071, -2.66934814, -1.94380889, -1.29293081, -1.92092053,        -2.79506247, -1.65162723, -1.32184362, -1.70089206, -0.64792336,        -1.53052456, -0.8117375 , -2.211981  , -2.6244214 , -1.02356217,        -1.97966699, -2.54214251, -0.71105925, -2.08031271, -1.16192242,        -1.17255561, -0.79501615, -1.48385507, -1.13623759, -2.07759475,        -2.31384426, -0.76482385, -1.93091668, -0.6476359 , -1.37038288,        -1.42288104, -2.63956044, -0.70019236, -1.83516165, -1.5268157 ,        -1.93542245, -2.34608602, -0.74683992],       [-2.65051803, -2.81838581, -1.15585843, -2.27715623, -2.14775173,        -1.60528813, -2.6569936 , -1.40718145, -2.612204  , -1.51905048,        -1.10564364, -2.53946108, -1.88264066, -1.25903081, -1.79103346,        -2.66517541, -1.59117481, -1.19195656, -1.63693357, -0.51803629,        -1.47152624, -0.79530427, -2.62898265, -2.58887815, -0.99306773,        -1.90799933, -2.48538261, -0.64848143, -1.95042564, -1.13703392,        -1.04266854, -0.66512909, -1.4684244 , -1.07797769, -1.94770769,        -2.28404181, -0.63493678, -1.89471036, -0.6213148 , -1.34265466,        -1.29299398, -2.50967337, -0.68242466, -1.70527459, -1.39692863,        -1.80553538, -2.21619896, -0.61695286],       [-2.67190377, -2.89613748, -1.29263092, -2.41392872, -2.28452422,        -1.74206062, -2.79376609, -1.54395395, -2.63251072, -1.55663032,        -1.24241614, -2.67623357, -1.95188082, -1.30163905, -1.92780595,        -2.8019479 , -1.65971151, -1.32872905, -1.70891581, -0.65480879,        -1.53863395, -0.81615072, -2.65270722, -2.63309787, -1.03233801,        -1.98755763, -1.68739992, -0.71910684, -2.08719814, -1.17080432,        -1.17944104, -0.80190158, -1.48819098, -1.14435973, -2.08448018,        -2.32263386, -0.77170928, -1.93958003, -0.65649117, -1.37921198,        -1.42976647, -2.64644587, -0.70467432, -1.84204708, -1.53370113,        -1.94230787, -2.35297145, -0.75372535],       [-2.66692394, -2.88621569, -1.28249265, -2.40379045, -2.27438595,        -1.73192235, -2.78362782, -1.53381568, -2.62763366, -1.54688974,        -1.23227787, -2.6660953 , -1.94199025, -1.29187765, -1.91766768,        -2.79180963, -1.64982352, -1.31859078, -1.69901517, -0.64467052,        -1.5287512 , -0.81122202, -2.64762154, -2.62332992, -1.02259053,        -1.97762921, -2.55915773, -0.70921118, -2.07705987, -0.73862191,        -1.16930276, -0.79176331, -1.48336609, -1.13447964, -2.07434191,        -2.31288922, -0.76157101, -1.92980938, -0.64676011, -1.3694755 ,        -1.4196282 , -2.63630759, -0.69964251, -1.83190881, -1.52356286,        -1.9321696 , -2.34283318, -0.74358708],       [-2.67181206, -2.89563055, -1.29168878, -2.41298658, -2.28358208,        -1.74111848, -2.79282395, -1.54301181, -2.63242628, -1.55648651,        -1.241474  , -2.67529143, -1.95143666, -1.30145348, -1.92686381,        -2.80100576, -1.65927254, -1.32778691, -1.70845142, -0.65386665,        -1.53820551, -0.81606265, -2.65259799, -2.63289914, -1.03218036,        -1.98703738, -2.56871365, -0.71865246, -2.086256  , -1.17986641,        -1.1784989 , -0.80095944, -1.48811017, -0.28104602, -2.08353804,        -2.3224819 , -0.77076714, -1.93937588, -0.65636649, -1.37907641,        -1.42882433, -2.64550373, -0.70457626, -1.84110494, -1.53275899,        -1.94136573, -2.35202931, -0.75278321],       [-2.66671431, -2.8853704 , -1.28120762, -2.40250542, -2.27310092,        -1.73063732, -2.78234279, -1.53253064, -2.62743479, -1.54652182,        -1.23099283, -2.66481027, -1.94120838, -1.29145981, -1.91638265,        -2.7905246 , -1.64904689, -1.31730575, -1.69821287, -0.64338548,        -1.53735615, -0.81101777, -2.64738929, -2.62289667, -1.02220636,        -1.97677047, -2.55869463, -0.70841899, -2.07577483, -1.17460246,        -1.16801773, -0.79047828, -1.48317261, -1.15255854, -2.07305688,        -2.31251192, -0.76028597, -1.92936962, -0.22395696, -1.36911706,        -1.41834317, -2.63502256, -0.69942425, -1.83062378, -1.52227782,        -1.93088457, -2.34154815, -0.74230205],       [-2.6717354 , -2.89525807, -1.29087197, -2.41216978, -2.28276527,        -1.74030167, -2.79200715, -1.542195  , -2.63235556, -1.55636585,        -1.24065719, -2.67447462, -1.95112825, -1.3012985 , -1.92604701,        -2.80018895, -1.65896943, -1.32697011, -1.70812237, -0.65304984,        -0.67492077, -0.81598896, -2.65250657, -2.632733  , -1.03204801,        -1.9866513 , -2.56852377, -0.71833363, -2.08543919, -1.17976567,        -1.17768209, -0.80014263, -1.48804242, -1.1623864 , -2.08272123,        -2.32235414, -0.76995033, -1.93920532, -0.66085071, -1.37896291,        -1.42800753, -2.64468692, -0.70449441, -1.84028813, -1.53194218,        -1.94054893, -2.3512125 , -0.7519664 ]])
all_costs=array([181.02472778, 325.19087491, 184.39582409, 160.81874227,        98.22827978, 144.45111843,  71.14395554, 141.22741019,        91.4159707 , 332.58383692, 258.271684  , 173.09545643,        95.9472735 , 206.21026649, 228.98729869, 115.15196684,       159.98244066, 206.70943193, 130.1317376 , 200.37068952,        74.53744884, 210.84547473, 329.76422177, 307.3160382 ,       227.61325819, 240.9585727 , 183.01054589, 220.49335675,       201.9598317 , 154.6128386 , 294.75032285, 108.23849525,       173.9460387 , 334.16849686, 215.92356539, 102.52624676,       246.3862974 , 104.75170837, 227.44661349, 277.3597617 ,       260.30961861, 149.49517084,  77.36004107, 316.37431921,        67.92792722, 110.25693943, 171.05527566,  99.14710415,        77.00686336, 239.20631052, 237.31392697, 236.08072784,       232.41304205, 228.3580523 , 223.92870568, 218.47871503,       210.24268777, 202.70395382, 201.34152671, 195.23364848,       193.15159907, 192.42922724, 191.04758524, 190.33778102,       187.98905553, 185.78348312, 185.57292273, 183.79453512,       183.52280603, 182.48726657, 179.59421069, 179.53155478,       177.13619296, 174.53839806, 174.81238902, 172.16453856,       171.42771141, 170.66068744, 169.08588695, 169.4828539 ,       167.91133403, 166.01534262, 165.05000865, 164.5576331 ,       163.62632557, 163.14484516, 161.70982517, 160.43470588,       160.19416115, 158.03724602, 158.65751128, 158.36401769,       157.00542442, 157.64823488,  96.7836197 , 154.87555307,       154.95558969, 153.42125264, 152.34643339, 151.7702115 ])
all_uncers=array([0., 0., 0., 0., 0., 0., 0., 0., 0., 0., 0., 0., 0., 0., 0., 0., 0.,       0., 0., 0., 0., 0., 0., 0., 0., 0., 0., 0., 0., 0., 0., 0., 0., 0.,       0., 0., 0., 0., 0., 0., 0., 0., 0., 0., 0., 0., 0., 0., 0., 0., 0.,       0., 0., 0., 0., 0., 0., 0., 0., 0., 0., 0., 0., 0., 0., 0., 0., 0.,       0., 0., 0., 0., 0., 0., 0., 0., 0., 0., 0., 0., 0., 0., 0., 0., 0.,       0., 0., 0., 0., 0., 0., 0., 0., 0., 0., 0., 0., 0., 0., 0.])
best_cost=67.92792721976181
best_params=array([-2.68793143, -2.9535193 , -1.37079472, -2.49209252, -2.36268802,       -1.82022442, -2.87192989, -1.62211775, -2.64785142, -1.58566671,       -1.32057994, -2.75439737, -2.00626563, -1.33343962, -2.00596975,       -2.8801117 , -1.71384863, -1.40689285, -1.76426613, -0.73297259,       -1.5922679 , -0.8318354 , -2.67006071, -2.66573677, -1.06226091,       -2.04557559, -2.60314993, -0.77397941, -2.16536194, -1.19805095,       -1.25760484, -0.88006538, -1.5031867 , -1.19773816, -2.16264398,       -2.35217306, -0.84987308, -1.97258114, -0.68438389, -1.40774041,       -1.50793027, -2.72460966, -0.72122578,  1.67978912, -1.61186493,       -2.02047167, -2.43113525, -0.83188915])
best_index=44
worst_cost=334.1684968600184
worst_index=33
cost_range=266.2405696402566
fit_count=1
costs_count=100
params_count=0
update_hyperparameters=True
length_scale=array([3.71779618])
noise_level=0.00020788906910553344
