archive_type='gaussian_process_learner'
num_params=10
min_boundary=array([-10., -10., -10., -10., -10., -10., -10., -10., -10., -10.])
max_boundary=array([10., 10., 10., 10., 10., 10., 10., 10., 10., 10.])
start_datetime='2020-01-28_15-04'
cost_has_noise=True
length_scale_history=[array([1.00000000e+05, 1.00000000e+05, 1.14939205e+04, 3.62957256e-01,       9.63257056e+04, 4.51246573e+02, 4.16930887e-01, 3.81237634e-01,       1.32353478e+03, 1.00000000e+05])]
noise_level_history=[9.999999999999997e-06]
bad_run_indexs=[[]]
bias_func_cycle=4
bias_func_cost_factor=[1.0, 1.0, 1.0, 1.0]
bias_func_uncer_factor=[0.0, 1.0, 2.0, 3.0]
generation_num=4
search_precision=1e-06
parameter_searches=10
hyperparameter_searches=10
bad_uncer_frac=0.1
trust_region=array([0.2, 0.2, 0.2, 0.2, 0.2, 0.2, 0.2, 0.2, 0.2, 0.2])
has_trust_region=True
predict_global_minima_at_end=True
predicted_best_parameters=array([ 3.76468213, -5.65620119,  7.44481596, -9.33766786,  3.61704874,       -1.87633995,  1.6147825 , -6.9620398 , -5.79036277,  5.72972597])
predicted_best_scaled_cost=array([-2.76136534])
predicted_best_scaled_uncertainty=array([0.17420015])
predicted_best_cost=array([517.72638073])
predicted_best_uncertainty=array([0.01037706])
all_params=array([[ 3.70439001, -5.91095501,  7.56234873, -9.45224814,  3.4093502 ,        -1.65390395,  1.17379657, -7.19226123, -6.03797022,  6.01489137],       [ 3.89169464, -5.98558533,  7.63927777, -9.30169248,  3.56719287,        -1.81988627,  0.98941848, -7.32432906, -5.88671322,  5.85423011],       [ 3.67283306, -5.72779919,  7.57561484, -9.37549729,  3.33555646,        -1.57930358,  1.30764684, -7.38494592, -5.93791249,  6.21043581],       [ 3.80365627, -5.99877741,  7.67806046, -9.61095773,  3.38850761,        -1.49046575,  1.09124223, -7.27715109, -6.18595879,  5.82263816],       [ 3.77592422, -6.02630376,  7.46856739, -9.45561887,  3.23069522,        -1.62425691,  1.032488  , -7.15653901, -5.95806687,  5.85582515],       [ 3.6700124 , -5.83319494,  7.52802044, -9.63226675,  3.42370877,        -1.58838609,  1.17975221, -7.01442333, -6.0033482 ,  6.17625214],       [ 3.55937989, -6.05524447,  7.68530524, -9.4931774 ,  3.27549188,        -1.48290052,  1.11290291, -7.09193639, -5.94757102,  6.16821381],       [ 3.75385889, -5.81057803,  7.50190806, -9.54427698,  3.56770469,        -1.68266748,  1.35973259, -7.12688463, -5.98929193,  5.86078976],       [ 3.93365459, -5.83061318,  7.53326391, -9.58102226,  3.46251548,        -1.52131567,  1.38920438, -7.3257365 , -5.94243396,  5.79144772],       [ 3.76468213, -5.65620119,  7.44481597, -9.38086292,  3.61704874,        -1.87633898,  1.53150748, -7.05052586, -5.79036279,  5.72972597]])
all_costs=array([564.73734523, 568.19328479, 568.06646327, 591.08475159,       571.00613033, 569.55285213, 565.89134514, 550.89140637,       569.40713057, 521.98456872])
all_uncers=array([0., 0., 0., 0., 0., 0., 0., 0., 0., 0.])
best_cost=521.9845687152668
best_params=array([ 3.76468213, -5.65620119,  7.44481597, -9.38086292,  3.61704874,       -1.87633898,  1.53150748, -7.05052586, -5.79036279,  5.72972597])
best_index=9
worst_cost=591.0847515944765
worst_index=3
cost_range=69.10018287920968
fit_count=1
costs_count=10
params_count=0
update_hyperparameters=True
length_scale=array([1.00000000e+05, 1.00000000e+05, 1.14939205e+04, 3.62957256e-01,       9.63257056e+04, 4.51246573e+02, 4.16930887e-01, 3.81237634e-01,       1.32353478e+03, 1.00000000e+05])
noise_level=9.999999999999997e-06
