archive_type='gaussian_process_learner'
num_params=3
min_boundary=array([-2., -2., -2.])
max_boundary=array([2., 2., 2.])
start_datetime='2020-01-28_15-13'
cost_has_noise=True
length_scale_history=[array([0.99448362, 1.03271697, 1.02236151])]
noise_level_history=[9.999999999999997e-06]
bad_run_indexs=[[]]
bias_func_cycle=4
bias_func_cost_factor=[1.0, 1.0, 1.0, 1.0]
bias_func_uncer_factor=[0.0, 1.0, 2.0, 3.0]
generation_num=4
search_precision=1e-06
parameter_searches=10
hyperparameter_searches=10
bad_uncer_frac=0.1
trust_region=nan
has_trust_region=False
predict_global_minima_at_end=True
all_params=array([[-1.40948365,  1.28249143,  1.18212846],       [ 1.84710081,  1.63994959,  1.30468093],       [-1.67598765,  1.5696511 , -0.74137063],       [-1.75133613, -0.30794261,  1.16110575],       [-1.05859298, -1.45188424,  0.51061032],       [-1.65621887, -1.50920288,  1.75118526],       [-1.40570049, -1.97474087,  0.5424331 ],       [-0.9422728 , -1.66157453, -0.11005643],       [-0.25388244,  1.16284069,  0.20193524],       [ 1.18125029, -1.27811801,  0.22832545],       [ 1.98334274,  0.28301776,  0.22423668],       [ 0.26766577, -0.39934124, -1.46413187],       [ 0.5646786 ,  0.3258759 ,  1.69413517],       [-1.60888916, -0.05133695,  1.72022042],       [-0.51557605, -0.86403417,  1.7155529 ],       [ 1.75797611,  0.04290351,  0.11168779],       [-0.74302814,  0.57792679, -0.43595776],       [-1.34417049,  1.53835607, -1.80047762],       [ 0.59974754,  0.63331181,  0.66731749],       [-0.48156186,  1.36147977, -1.82872912],       [ 1.94315476,  1.36967841,  0.53996438],       [-0.3608413 , -0.45663479,  1.27031949],       [-0.93249916,  1.12085308, -1.14200694],       [ 1.93535623, -0.23068428, -1.62930828],       [-1.58177297,  0.92751347, -1.34829627],       [-0.24721811,  0.5047031 , -0.64515631],       [-0.94046148,  0.08990025,  0.92746596],       [-1.33401026, -0.72491782, -1.4150462 ],       [-1.9150414 , -0.93172322, -0.21020336],       [ 0.31124887,  0.40225094,  1.91295425],       [-0.79940232,  0.42961271,  1.44004442],       [-0.23766672, -1.33821271,  0.32598654],       [-1.94131523, -1.71644492,  1.01708342],       [-1.72597094,  0.46940146, -1.04173762],       [-0.4953135 ,  1.94519283, -0.89865793],       [ 1.13511405,  0.2578856 , -1.2300078 ],       [ 0.57525417,  1.46418855, -1.0007953 ],       [ 0.5276831 , -1.05913444,  1.66552951],       [-0.72887599, -1.35514357,  0.78715845],       [ 0.20064838,  1.36853318, -1.55744799],       [-0.61093675, -0.71482042,  0.41214391],       [ 1.57797511, -0.87347699,  1.730476  ],       [ 1.82565076, -0.92431871,  0.10336845],       [-1.32949821, -0.56510185,  1.13134384],       [-1.72267793,  1.96873141,  1.40480023],       [ 1.07382126,  1.28249143,  1.18212846],       [ 1.84710081,  1.63994959,  1.98571796],       [ 0.52559182,  1.83708581, -1.38999123],       [-0.69385001,  0.30176683,  1.49448089],       [-0.28846093, -1.04350714,  1.8588857 ],       [-1.2548156 , -1.68183402, -1.28076937],       [ 0.54248314, -1.97474087, -0.21331847],       [ 1.01974876, -1.66157453,  1.23995901],       [ 0.28871639,  0.50342674,  0.20193524],       [-0.43516777, -1.27811801,  1.51380812],       [-0.0436236 ,  0.28301776, -0.11746898],       [ 0.34317832,  0.64981844,  0.49130094],       [ 0.5646786 ,  0.3258759 , -1.73752851],       [-1.60888916,  1.00667979, -0.55161452],       [ 1.88892688, -0.86403417,  1.89654475],       [-1.43038428, -0.94223292,  1.73663176]])
all_costs=array([ 0.55512305,  0.50122893, -0.07091528, -0.43530367, -0.23270876,        0.43327724, -0.26581025, -0.93772016, -1.69519704, -0.47234821,       -1.77323306, -1.31129783, -1.36335767, -0.68276885, -0.55787398,       -1.79776179, -1.79831553,  0.57743069, -1.37543084, -0.33654154,       -0.23308781, -1.14871013, -0.01123663, -0.58915353,  0.17558616,       -2.23201854, -1.0360729 ,  0.20752429, -0.90560612, -1.71088334,       -0.86022368, -1.4195953 ,  0.22806634, -0.7118271 , -0.79756722,       -0.73212971, -0.43388686, -0.34818592, -0.23656855, -0.53116819,       -1.32542778,  0.25677971, -0.81882876, -0.03798323,  0.42115278,        0.40648992,  0.24410422, -0.2739745 , -1.11974889, -0.72641795,        0.44013786, -1.59625116,  0.35054951, -2.47803699, -0.3173289 ,       -2.94217641, -1.90541486, -1.29374592, -0.61177549,  0.02211844,        0.34273236])
all_uncers=array([0., 0., 0., 0., 0., 0., 0., 0., 0., 0., 0., 0., 0., 0., 0., 0., 0.,       0., 0., 0., 0., 0., 0., 0., 0., 0., 0., 0., 0., 0., 0., 0., 0., 0.,       0., 0., 0., 0., 0., 0., 0., 0., 0., 0., 0., 0., 0., 0., 0., 0., 0.,       0., 0., 0., 0., 0., 0., 0., 0., 0., 0.])
best_cost=-2.942176407145766
best_params=array([-0.0436236 ,  0.28301776, -0.11746898])
best_index=55
worst_cost=0.5774306922521957
worst_index=17
cost_range=3.5196070993979616
fit_count=1
costs_count=61
params_count=4
update_hyperparameters=True
length_scale=array([0.99448362, 1.03271697, 1.02236151])
noise_level=9.999999999999997e-06
