archive_type='gaussian_process_learner'
num_params=10
min_boundary=array([-10., -10., -10., -10., -10., -10., -10., -10., -10., -10.])
max_boundary=array([10., 10., 10., 10., 10., 10., 10., 10., 10., 10.])
start_datetime='2020-01-28_14-52'
cost_has_noise=True
length_scale_history=[array([1.90263700e-01, 1.96257367e+03, 9.90307565e+04, 2.19527613e-01,       5.47626845e+04, 1.27294124e-01, 5.12073974e+03, 1.00000000e+05,       1.00000000e+05, 1.18063412e+03])]
noise_level_history=[9.999999999999997e-06]
bad_run_indexs=[[]]
bias_func_cycle=4
bias_func_cost_factor=[1.0, 1.0, 1.0, 1.0]
bias_func_uncer_factor=[0.0, 1.0, 2.0, 3.0]
generation_num=4
search_precision=1e-06
parameter_searches=10
hyperparameter_searches=10
bad_uncer_frac=0.1
trust_region=array([0.2, 0.2, 0.2, 0.2, 0.2, 0.2, 0.2, 0.2, 0.2, 0.2])
has_trust_region=True
predict_global_minima_at_end=True
predicted_best_parameters=array([ 3.63952818, -5.910955  ,  7.56234873, -9.3922166 ,  3.4093502 ,       -1.6970793 ,  1.17379657, -7.19226123, -6.03797022,  6.01489139])
predicted_best_scaled_cost=array([-1.21261812])
predicted_best_scaled_uncertainty=array([0.36613394])
predicted_best_cost=array([561.16469651])
predicted_best_uncertainty=array([0.03876579])
all_params=array([[ 3.70439001, -5.91095501,  7.56234873, -9.45224814,  3.4093502 ,        -1.65390395,  1.17379657, -7.19226123, -6.03797022,  6.01489137],       [ 3.89169464, -5.98558533,  7.63927777, -9.30169248,  3.56719287,        -1.81988627,  0.98941848, -7.32432906, -5.88671322,  5.85423011],       [ 3.67283306, -5.72779919,  7.57561484, -9.37549729,  3.33555646,        -1.57930358,  1.30764684, -7.38494592, -5.93791249,  6.21043581],       [ 3.80365627, -5.99877741,  7.67806046, -9.61095773,  3.38850761,        -1.49046575,  1.09124223, -7.27715109, -6.18595879,  5.82263816],       [ 3.77592422, -6.02630376,  7.46856739, -9.45561887,  3.23069522,        -1.62425691,  1.032488  , -7.15653901, -5.95806687,  5.85582515]])
all_costs=array([564.73734523, 568.19328479, 568.06646327, 591.08475159,       571.00613033])
all_uncers=array([0., 0., 0., 0., 0.])
best_cost=564.7373452264212
best_params=array([ 3.70439001, -5.91095501,  7.56234873, -9.45224814,  3.4093502 ,       -1.65390395,  1.17379657, -7.19226123, -6.03797022,  6.01489137])
best_index=0
worst_cost=591.0847515944765
worst_index=3
cost_range=26.347406368055317
fit_count=1
costs_count=5
params_count=0
update_hyperparameters=True
length_scale=array([1.90263700e-01, 1.96257367e+03, 9.90307565e+04, 2.19527613e-01,       5.47626845e+04, 1.27294124e-01, 5.12073974e+03, 1.00000000e+05,       1.00000000e+05, 1.18063412e+03])
noise_level=9.999999999999997e-06
