archive_type='differential_evolution'
num_params=48
min_boundary=array([-10., -10., -10., -10., -10., -10., -10., -10., -10., -10., -10.,       -10., -10., -10., -10., -10., -10., -10., -10., -10., -10., -10.,       -10., -10., -10., -10., -10., -10., -10., -10., -10., -10., -10.,       -10., -10., -10., -10., -10., -10., -10., -10., -10., -10., -10.,       -10., -10., -10., -10.])
max_boundary=array([10., 10., 10., 10., 10., 10., 10., 10., 10., 10., 10., 10., 10.,       10., 10., 10., 10., 10., 10., 10., 10., 10., 10., 10., 10., 10.,       10., 10., 10., 10., 10., 10., 10., 10., 10., 10., 10., 10., 10.,       10., 10., 10., 10., 10., 10., 10., 10., 10.])
start_datetime='2020-01-25_13-09'
evolution_strategy='best1'
mutation_scale=(0.5, 1)
cross_over_probability=1
population_size=100
num_population_members=4800
restart_tolerance=1e-05
first_params=nan
has_trust_region=True
trust_region=array([0.2, 0.2, 0.2, 0.2, 0.2, 0.2, 0.2, 0.2, 0.2, 0.2, 0.2, 0.2, 0.2,       0.2, 0.2, 0.2, 0.2, 0.2, 0.2, 0.2, 0.2, 0.2, 0.2, 0.2, 0.2, 0.2,       0.2, 0.2, 0.2, 0.2, 0.2, 0.2, 0.2, 0.2, 0.2, 0.2, 0.2, 0.2, 0.2,       0.2, 0.2, 0.2, 0.2, 0.2, 0.2, 0.2, 0.2, 0.2])
params_generations=[]
costs_generations=[]
population=[array([-7.39942856, -9.61266084,  3.57671066, -5.76743768, -4.68906681,       -0.16853681, -8.9327491 ,  1.48235211, -7.0654285 ,  1.78611074,        3.9951672 , -7.95331142, -1.71888024,  3.88800315, -1.71641461,       -9.00093082,  0.71792812,  3.2758929 ,  0.29778224,  8.89189512,        1.73110081,  8.06803831, -7.25050592, -7.21447305,  6.14782577,       -2.04646326, -6.69291606,  8.55017161, -3.04468281,  5.01624206,        4.51995971,  7.66612182,  2.47344414,  5.01884868, -3.02203316,       -4.60144216,  7.91772436, -1.4381762 ,  9.29680094,  3.26882996,        2.4339144 , -7.70508054,  8.98978517, -1.00175733,  1.56779229,       -1.83726394, -5.2594604 ,  8.06759041]), array([-7.36995676, -9.81151271,  3.62356862, -5.83677972, -4.67824357,       -0.01415997, -8.98984119,  1.64576617, -7.01608446,  1.59243924,        4.16694209, -7.87695266, -1.5199511 ,  3.75693936, -1.86156031,       -8.82789264,  0.79665538,  3.10229297,  0.39996746,  8.9934456 ,        1.90031062,  8.15264821, -7.40079753, -7.406521  ,  5.95831017,       -2.23514067, -6.79443163,  8.69418279, -3.02915038,  5.03737085,        4.65677206,  7.51579115,  2.38511761,  5.05315239, -2.83419486,       -4.57703008,  7.72518328, -1.31792313,  9.18999065,  3.39167203,        2.38905866, -7.5596638 ,  9.08863383, -0.97926124,  1.42237438,       -2.01329687, -5.41092301,  7.88541116]), array([-7.52695911, -9.91231479,  3.70876422, -5.81289293, -4.87322118,       -0.18537026, -8.80293066,  1.67300635, -7.13476716,  1.49336953,        4.26447244, -7.99878086, -1.48740753,  3.94494735, -1.72282879,       -8.93195353,  0.79416327,  3.15027526,  0.53155982,  8.85616215,        1.70774111,  7.98065707, -7.40625949, -7.36398922,  5.98585074,       -2.3081957 , -6.59898517,  8.72608088, -3.07709391,  5.05775014,        4.75490584,  7.58348431,  2.29108544,  4.87968632, -2.88616118,       -4.52514307,  7.60925288, -1.21682091,  9.01660525,  3.29579807,        2.51096049, -7.68229009,  9.14441818, -0.96939311,  1.59229757,       -2.10797816, -5.58453858,  7.97943755]), array([-7.26108555, -9.64732508,  3.79635745, -6.03119909, -4.78449874,        0.03255137, -8.81023467,  1.82583662, -6.99342318,  1.75868178,        4.22356858, -7.92094957, -1.52555484,  3.79866355, -1.84174114,       -8.65742007,  0.96414876,  3.06024322,  0.58527247,  8.86302786,        1.75084243,  8.00667987, -7.39853267, -7.59791108,  6.13749825,       -2.10429448, -6.98842404,  8.56466129, -3.09632495,  4.88976959,        4.78056834,  7.45368581,  2.56116061,  5.08595806, -2.68266207,       -4.4391363 ,  7.88734021, -1.33397103,  9.20852938,  3.51111347,        2.3033462 , -7.56356239,  9.12827795, -1.17304793,  1.45976694,       -2.03982633, -5.2879788 ,  7.81150908]), array([-7.21280128, -9.77550982,  3.4971727 , -5.72160803, -4.6334311 ,       -0.19259627, -9.02176372,  1.7173937 , -6.84864374,  1.39260005,        4.35764575, -7.92632053, -1.33043769,  3.7988258 , -1.73002199,       -8.79800803,  0.84788586,  3.01652349,  0.4347008 ,  9.0934543 ,        2.04363616,  8.25468108, -7.32157463, -7.26072923,  5.88738257,       -2.16682515, -6.81408206,  8.64702389, -3.06482584,  4.99796269,        4.58372564,  7.5645589 ,  2.35721652,  5.24267322, -2.7630745 ,       -4.69760212,  7.69586368, -1.38058464,  9.30904617,  3.54367135,        2.55059544, -7.49457587,  8.99671714, -1.07831456,  1.56433356,       -2.00221101, -5.29005858,  7.91440657]), array([-7.27669975, -9.79837058,  3.73192219, -5.80923652, -4.69195962,       -0.07708441, -9.16255745,  1.59693584, -7.18423402,  1.78556608,        4.03958723, -7.75220918, -1.36996645,  3.83230466, -1.83376254,       -8.96350406,  0.78340739,  3.04036179,  0.28998345,  9.03045034,        1.82521856,  8.31917043, -7.23694332, -7.50367368,  5.80266669,       -2.35795557, -6.79459796,  8.78561705, -3.1458726 ,  4.93658428,        4.79744081,  7.48213064,  2.43179164,  4.94661884, -2.99340796,       -4.57068727,  7.71603967, -1.45685448,  9.23871315,  3.40927608,        2.4507136 , -7.70184558,  9.18924496, -1.09044158,  1.43011511,       -1.89917846, -5.60199084,  7.81515615]), array([-7.22078781, -9.67184106,  3.63894486, -5.69013641, -4.49832118,        0.11640282, -8.84819502,  1.48526353, -6.95556272,  1.67384603,        4.21103842, -7.75710655, -1.70612262,  3.86503485, -1.76886887,       -8.92401328,  0.6994831 ,  3.1552143 ,  0.33808645,  9.11208107,        1.87876912,  8.26574798, -7.20460882, -7.48642167,  5.8155125 ,       -2.07461729, -6.77780788,  8.88407894, -2.97450862,  5.23493606,        4.67520039,  7.52636152,  2.23928877,  4.99543446, -3.02370743,       -4.71287201,  7.82343816, -1.50576326,  9.13660789,  3.53661054,        2.46612975, -7.48328694,  8.96408855, -1.00249952,  1.45500534,       -1.81739619, -5.52936052,  7.78450432]), array([-7.31591858e+00, -9.57177209e+00,  3.62173499e+00, -5.86736463e+00,       -4.49491468e+00,  1.18689024e-03, -8.72875332e+00,  1.40419608e+00,       -7.14452032e+00,  1.71121901e+00,  4.34857459e+00, -7.80470010e+00,       -1.60617929e+00,  3.86949144e+00, -1.75248815e+00, -8.74023955e+00,        8.21067459e-01,  2.96814353e+00,  4.21841347e-01,  9.09808166e+00,        2.05778869e+00,  8.15432107e+00, -7.29778001e+00, -7.65383208e+00,        5.78696003e+00, -2.23100978e+00, -6.72429317e+00,  9.00526423e+00,       -2.89578842e+00,  5.34142062e+00,  4.61218203e+00,  7.66470212e+00,        2.21079628e+00,  5.12503841e+00, -2.97310897e+00, -4.85550279e+00,        7.65479292e+00, -1.69843020e+00,  8.96329789e+00,  3.52004406e+00,        2.31146652e+00, -7.67217360e+00,  9.06603314e+00, -1.04455933e+00,        1.55378074e+00, -1.83643426e+00, -5.54932582e+00,  7.77573333e+00]), array([-7.23118624, -9.55057572,  3.59990187, -5.52826195, -4.68349676,        0.22595256, -8.99793846,  1.53266896, -7.15141702,  1.68929694,        4.0122456 , -7.57662904, -1.5439618 ,  3.98342163, -1.60275914,       -9.06578999,  0.56257513,  3.03026697,  0.38708481,  9.27440486,        2.07475119,  8.35019696, -7.11188866, -7.32270438,  5.77586199,       -2.17467702, -6.90843581,  8.73186176, -2.84946438,  5.09365301,        4.58091938,  7.6539972 ,  2.16352367,  5.18840144, -3.11705195,       -4.69941067,  7.74922496, -1.34145413,  9.08323055,  3.51004747,        2.47104683, -7.30773235,  8.77646815, -0.91574806,  1.61141292,       -2.0064813 , -5.52054002,  7.71490025]), array([-7.08739051, -9.5271691 ,  3.67599302, -5.54712055, -4.63217314,        0.1419913 , -9.19419903,  1.56337133, -7.22683933,  1.69620398,        4.17880794, -7.60603912, -1.64500339,  3.93193913, -1.43001469,       -8.89104263,  0.70030711,  3.19834958,  0.27824492,  9.10939775,        1.96567508,  8.27594761, -7.2419823 , -7.27986672,  5.74129656,       -2.04813641, -7.03438365,  8.81261237, -2.95332213,  5.12334065,        4.52051442,  7.47678295,  2.05504914,  5.25404246, -3.11815192,       -4.69180427,  7.61911302, -1.31316778,  9.28193192,  3.63678151,        2.50879588, -7.11733672,  8.93709319, -0.87750489,  1.42438345,       -2.16905046, -5.69439134,  7.69559351]), array([-7.28101231, -9.3604357 ,  3.46709519, -5.33914691, -4.57650681,        0.3556477 , -8.94489214,  1.60016207, -7.16066408,  1.49455149,        3.95344804, -7.57980032, -1.45192532,  3.97087297, -1.61979717,       -9.21072489,  0.36693062,  3.13357827,  0.31506594,  9.46815824,        1.96284488,  8.28568017, -7.1023302 , -7.2207478 ,  5.76140511,       -2.324748  , -6.98343526,  8.73366942, -2.77992478,  5.201713  ,        4.43305369,  7.46316325,  2.1711566 ,  5.31239692, -3.31201045,       -4.63042273,  7.82394825, -1.36175542,  9.24914602,  3.5677919 ,        2.27314276, -7.31396097,  8.92019528, -0.78358823,  1.6710746 ,       -1.93700193, -5.48914019,  7.62454816]), array([-7.25680031, -9.29174379,  3.40806704, -5.19681556, -4.69849181,        0.45457602, -9.02905104,  1.70968178, -7.18956915,  1.61763085,        3.89486198, -7.69432302, -1.34501151,  3.89432974, -1.52649915,       -9.11293563,  0.2554893 ,  3.01922313,  0.19464511,  9.32516558,        1.91367792,  8.09633132, -7.25796205, -7.15092219,  5.88131572,       -2.49253619, -7.09075434,  8.61671969, -2.61299136,  5.2862388 ,        4.45460754,  7.38497044,  2.30509822,  5.2865193 , -3.14262796,       -4.54800201,  7.81516078, -1.51127138,  9.43956344,  3.43172536,        2.15418361, -7.34148827,  8.88187604, -0.92488764,  1.76280217,       -2.0615039 , -5.43158193,  7.72627054]), array([-7.37250736, -9.25136209,  3.50763839, -5.14152808, -4.65964089,        0.37276894, -8.93640845,  1.88780516, -7.2193446 ,  1.73050358,        3.7173184 , -7.56021438, -1.46811151,  3.85236849, -1.60646673,       -9.28089417,  0.41734171,  2.9672848 ,  0.20692409,  9.32281209,        1.76654238,  7.97891295, -7.42748653, -7.14775351,  5.78593554,       -2.54971155, -7.2475282 ,  8.73174042, -2.7703578 ,  5.48052233,        4.325472  ,  7.41393249,  2.12303636,  5.40136582, -3.26678558,       -4.53684042,  7.91119179, -1.65129879,  9.45999831,  3.31837224,        2.25786203, -7.25232219,  8.75249565, -0.78010102,  1.57071221,       -1.9174091 , -5.40802041,  7.68755873]), array([-7.26900858, -9.16459049,  3.70256886, -5.23029406, -4.85812342,        0.54632998, -8.79324961,  1.97934551, -7.21266908,  1.81328607,        3.82953022, -7.610264  , -1.3599825 ,  3.95261822, -1.56118224,       -9.3201478 ,  0.49626491,  2.76852994,  0.31688275,  9.48137873,        1.66226866,  7.82721982, -7.53937293, -7.22691482,  5.93914695,       -2.53244497, -7.33284354,  8.5870823 , -2.85430002,  5.52607077,        4.25512741,  7.39687656,  2.1006832 ,  5.53261996, -3.29624632,       -4.59856089,  7.98118043, -1.76270597,  9.44689664,  3.24427852,        2.30860427, -7.101378  ,  8.73157125, -0.66631805,  1.55349849,       -1.85491737, -5.55528402,  7.66075133]), array([-7.10528379, -9.12239889,  3.80927869, -5.22841381, -4.85890117,        0.68348992, -8.96612683,  2.00865442, -7.03556405,  1.82043009,        3.70731654, -7.47108825, -1.45932684,  4.03290863, -1.54507787,       -9.14061329,  0.54599959,  2.90372113,  0.1200559 ,  9.67711475,        1.49335449,  7.75607163, -7.36091198, -7.42333918,  6.06823895,       -2.38796032, -7.35691122,  8.48938038, -2.73322421,  5.51721557,        4.10886286,  7.56801616,  2.25907119,  5.52923802, -3.15356532,       -4.63112968,  8.05456639, -1.80350971,  9.44919345,  3.1200992 ,        2.49459984, -7.18369173,  8.57295508, -0.80859189,  1.35913541,       -1.76853909, -5.52948469,  7.77858267]), array([-7.10245182, -9.00567047,  3.88758438, -5.11727442, -4.89630803,        0.74259817, -9.09420912,  1.9373824 , -7.16652221,  1.78388498,        3.60388404, -7.50831945, -1.2692379 ,  3.96103636, -1.35208149,       -9.08609084,  0.496036  ,  3.04671493,  0.16789059,  9.57792798,        1.61049676,  7.72924703, -7.41790751, -7.4912284 ,  6.1471865 ,       -2.48050027, -7.23360001,  8.4074959 , -2.71557566,  5.51238417,        4.25100542,  7.72337073,  2.13282496,  5.56337741, -2.9942833 ,       -4.65268279,  8.22331372, -1.89191335,  9.49272592,  3.19308068,        2.38588213, -7.37818472,  8.53964466, -0.63319913,  1.29634665,       -1.65664137, -5.65959017,  7.7153638 ]), array([-7.24461273, -8.91896215,  3.96730743, -5.0418755 , -4.99494961,        0.81954222, -9.2032901 ,  1.90724205, -7.21775336,  1.72600815,        3.42694597, -7.4556608 , -1.18631126,  4.00647184, -1.29275639,       -9.21811455,  0.35581472,  3.05238494,  0.31802368,  9.45150936,        1.59563241,  7.70081996, -7.41899184, -7.6266241 ,  6.08416275,       -2.57574811, -7.09578924,  8.52762879, -2.74492   ,  5.55519035,        4.10919167,  7.72721605,  2.0516038 ,  5.70723779, -2.92564395,       -4.59929318,  8.07321424, -1.9036782 ,  9.68735503,  3.37240035,        2.44391639, -7.51749478,  8.5952954 , -0.60693429,  1.28381299,       -1.68542638, -5.61988226,  7.85535176]), array([-7.0020034 , -8.97392626,  4.05746605, -5.29137843, -4.69976942,        0.56379599, -9.2144109 ,  1.90648347, -7.32351865,  1.83335315,        3.42308107, -7.5944699 , -1.44482323,  4.0424441 , -1.28469902,       -9.1346586 ,  0.37131371,  3.14551686,  0.10404231,  9.69604845,        1.60565713,  7.73951481, -7.60651117, -7.4335356 ,  6.0874491 ,       -2.58881826, -7.26004666,  8.36048288, -2.72766004,  5.70417751,        4.19675665,  7.83313478,  2.153932  ,  5.71902984, -3.05230216,       -4.75447532,  8.38772141, -2.07449965,  9.67302729,  3.21564345,        2.33642742, -7.18016379,  8.36298972, -0.62651659,  1.10878548,       -1.62817107, -5.78740276,  7.76774749]), array([-6.91008235, -8.85570945,  3.86831888, -5.03389008, -4.78532053,        0.7405354 , -9.08279572,  1.79769616, -7.21876224,  1.64077349,        3.69464154, -7.51751425, -1.28968637,  4.11543555, -1.34103398,       -9.1224545 ,  0.40359281,  2.87551974,  0.13514505,  9.38822937,        1.52695833,  7.73065083, -7.23153428, -7.64747524,  6.21640292,       -2.48052732, -7.12276072,  8.26493869, -2.8822946 ,  5.47207161,        4.36979032,  7.60004103,  2.23993584,  5.47949661, -3.10752671,       -4.84599655,  8.18277734, -1.93948076,  9.55646389,  3.02144804,        2.24692373, -7.57155437,  8.3851632 , -0.57248342,  1.25740939,       -1.72823084, -5.63642537,  7.91274799])]
population_costs=[790.1674831205788, 777.7228244786522, 778.8393266496628, 786.1680317771585, 781.8176875576755, 814.0007432500819, 772.3459275814062, 784.2558660425153, 742.9648999567711, 753.5291030728416, 731.7945072008908, 723.4332252237258, 708.5039840739728, 701.3265976533504, 696.5026369529306, 688.3910151864112, 696.3988979160229, 694.9643372909868, 688.4331858997092]
init_std=0
curr_std=0
generation_count=0
