archive_type='differential_evolution'
num_params=10
min_boundary=array([-10., -10., -10., -10., -10., -10., -10., -10., -10., -10.])
max_boundary=array([10., 10., 10., 10., 10., 10., 10., 10., 10., 10.])
start_datetime='2020-01-28_13-38'
evolution_strategy='best1'
mutation_scale=(0.5, 1)
cross_over_probability=0.7
population_size=15
num_population_members=150
restart_tolerance=0.01
first_params=nan
has_trust_region=True
trust_region=array([0.2, 0.2, 0.2, 0.2, 0.2, 0.2, 0.2, 0.2, 0.2, 0.2])
params_generations=[]
costs_generations=[]
population=[array([ 3.70439001, -5.91095501,  7.56234873, -9.45224814,  3.4093502 ,       -1.65390395,  1.17379657, -7.19226123, -6.03797022,  6.01489137]), array([ 3.89169464, -5.98558533,  7.63927777, -9.30169248,  3.56719287,       -1.81988627,  0.98941848, -7.32432906, -5.88671322,  5.85423011]), array([ 3.67283306, -5.72779919,  7.57561484, -9.37549729,  3.33555646,       -1.57930358,  1.30764684, -7.38494592, -5.93791249,  6.21043581]), array([ 3.80365627, -5.99877741,  7.67806046, -9.61095773,  3.38850761,       -1.49046575,  1.09124223, -7.27715109, -6.18595879,  5.82263816]), array([ 3.77592422, -6.02630376,  7.46856739, -9.45561887,  3.23069522,       -1.62425691,  1.032488  , -7.15653901, -5.95806687,  5.85582515]), array([ 3.6700124 , -5.83319494,  7.52802044, -9.63226675,  3.42370877,       -1.58838609,  1.17975221, -7.01442333, -6.0033482 ,  6.17625214]), array([ 3.55937989, -6.05524447,  7.68530524, -9.4931774 ,  3.27549188,       -1.48290052,  1.11290291, -7.09193639, -5.94757102,  6.16821381]), array([ 3.75385889, -5.81057803,  7.50190806, -9.54427698,  3.56770469,       -1.68266748,  1.35973259, -7.12688463, -5.98929193,  5.86078976]), array([ 3.93365459, -5.83061318,  7.53326391, -9.58102226,  3.46251548,       -1.52131567,  1.38920438, -7.3257365 , -5.94243396,  5.79144772]), array([ 3.76468213, -5.65620119,  7.44481597, -9.38086292,  3.61704874,       -1.87633898,  1.53150748, -7.05052586, -5.79036279,  5.72972597]), array([ 3.61953643, -5.48316301,  7.52354323, -9.55446285,  3.71923396,       -1.7747885 ,  1.7007173 , -6.96591596, -5.94065441,  5.53767802]), array([ 3.43002083, -5.67184041,  7.42202766, -9.41045167,  3.73476638,       -1.75365971,  1.83752965, -7.11624663, -6.02898093,  5.57198173]), array([ 3.61785913, -5.64742832,  7.22948658, -9.2901986 ,  3.62795609,       -1.63081763,  1.79267391, -6.97082989, -5.93013228,  5.59447782]), array([ 3.47244122, -5.82346125,  7.07802396, -9.47237785,  3.47095375,       -1.7405339 ,  1.8778695 , -6.9469431 , -6.12510988,  5.42326753]), array([ 3.65935175, -5.79622106,  6.95934125, -9.57144755,  3.56848409,       -1.86236211,  1.91041307, -6.7589351 , -5.98637836,  5.31920664]), array([ 3.65685963, -5.74823878,  7.09093361, -9.70873099,  3.37591457,       -2.03435325,  1.90495112, -6.71640332, -5.95883779,  5.2461516 ]), array([ 3.85479821, -5.76432298,  6.91139772, -9.55106826,  3.66661786,       -1.79466895,  1.8163809 , -6.93240117, -6.03834468,  5.37109364]), array([ 3.54342135, -5.69511884,  6.78595584, -9.66732151,  3.69038591,       -1.98498839,  1.96619743, -6.74906698, -5.81645518,  5.22452535]), array([ 3.36980579, -5.60109246,  6.89482706, -9.50419517,  3.86317474,       -2.17940776,  1.85994226, -6.70235564, -5.63684865,  5.40459579]), array([ 3.39246706, -5.43484992,  6.95145354, -9.54819209,  3.85757101,       -2.13768357,  1.87976143, -6.53188307, -5.46935527,  5.36254604]), array([ 3.57777207, -5.56526765,  6.80198535, -9.69416042,  3.85983587,       -2.32907365,  2.05894951, -6.40103688, -5.66334768,  5.23302454]), array([ 3.5105975 , -5.71286891,  6.92578162, -9.75626576,  4.03587887,       -2.29626798,  2.21048231, -6.2631431 , -5.50119075,  5.21697665]), array([ 3.52913623, -5.59342748,  6.84006917, -9.76016435,  4.07552299,       -2.49005467,  2.24787487, -6.28967256, -5.37824654,  5.14307457]), array([ 3.68629171, -5.56228459,  6.71367325, -9.64499266,  4.12033546,       -2.66849096,  2.21595234, -6.21804502, -5.21080583,  4.94323538]), array([ 3.87699537, -5.61165246,  6.90318666, -9.60310622,  4.25187378,       -2.63860636,  2.26718282, -6.30381451, -5.17607249,  5.04324408]), array([ 3.82961725, -5.46025171,  6.79289615, -9.49920089,  4.04940786,       -2.60017544,  2.19630192, -6.26520392, -5.24648129,  4.90382721]), array([ 3.61324529, -5.51351684,  6.68577215, -9.45547183,  4.19145582,       -2.789063  ,  2.18663275, -6.28070653, -5.09175031,  5.09523469]), array([ 3.77478208, -5.44842892,  6.59385546, -9.55452515,  4.33341499,       -2.77797714,  2.30749718, -6.25171112, -4.9984933 ,  5.10283934]), array([ 3.88313564, -5.42088572,  6.58013941, -9.61744958,  4.16069873,       -2.82680747,  2.13934761, -6.05858428, -5.12584816,  5.22758282]), array([ 3.92476673, -5.37306362,  6.62165322, -9.69013657,  4.320167  ,       -2.83990832,  2.19751316, -6.21470637, -5.07358536,  5.26936157]), array([ 3.93863629, -5.5455816 ,  6.43821198, -9.67734005,  4.33324866,       -2.68654288,  2.19077495, -6.3524977 , -4.85782455,  5.06917883]), array([ 3.8214561 , -5.55496246,  6.43464236, -9.54818234,  4.32427139,       -2.91690849,  2.35621967, -6.23410707, -4.93683836,  4.96065756]), array([ 3.92206723, -5.66614281,  6.44238309, -9.43406393,  4.13320356,       -2.9871635 ,  2.50538862, -6.09622323, -4.92146212,  5.10730087]), array([ 4.10198963, -5.53558001,  6.58402927, -9.59456657,  4.19372529,       -2.90575671,  2.54948495, -5.97637713, -5.10763364,  5.21539636]), array([ 4.01475867, -5.76226345,  6.34521081, -9.3811426 ,  4.07132254,       -2.86852803,  2.48384712, -5.98312346, -4.72527341,  5.02740021]), array([ 3.871961  , -5.60174007,  6.36183456, -9.19124645,  4.1259643 ,       -2.67096282,  2.50227544, -5.97255309, -4.87110225,  4.96968227]), array([ 3.68244843, -5.737582  ,  6.46008944, -9.37908658,  4.07258154,       -2.52602432,  2.57934652, -5.89617623, -4.99564753,  4.94644399]), array([ 3.90459196, -5.40583939,  6.24339705, -9.29215329,  4.03083354,       -2.57089386,  2.48506557, -6.14978132, -4.86769575,  4.85446634]), array([ 3.9914027 , -5.68280752,  6.17287697, -9.15387347,  4.26350048,       -2.71855637,  2.60221876, -5.9680965 , -4.85472153,  5.153456  ]), array([ 4.11298705, -5.86987829,  6.25663187, -9.16787288,  4.44252005,       -2.82998328,  2.50904757, -6.13550691, -4.883274  ,  4.99706351]), array([ 4.0449174 , -5.56162223,  6.25159717, -9.04738892,  4.20048212,       -2.58021578,  2.57372627, -5.83849255, -4.80412306,  5.01082522]), array([ 3.87627216, -5.75428917,  6.07828717, -9.0639554 ,  4.04581889,       -2.76910244,  2.67567086, -5.88055236, -4.70534766,  4.99178715]), array([ 3.85630686, -5.76306017,  6.06788874, -8.94269006,  4.0067759 ,       -2.60722798,  2.49049528, -5.77100262, -4.85509111,  5.03919258]), array([ 3.68041787, -5.73883826,  5.87949435, -8.88347788,  4.20797971,       -2.65071566,  2.84178059, -6.02232907, -4.84225564,  4.86683982]), array([ 3.72941623, -5.57651446,  6.07547642, -8.7990289 ,  4.30069987,       -2.48699838,  2.80213008, -6.1223888 , -4.97288357,  4.71462264]), array([ 3.8054621 , -5.88012131,  5.78521334, -8.75584221,  4.13221461,       -2.45774868,  2.74843607, -6.00886773, -4.91646883,  5.03114895]), array([ 3.62704052, -5.76540133,  5.88441143, -8.70792329,  4.02035931,       -2.5639642 ,  2.99818817, -6.21141418, -4.83343514,  4.79723575]), array([ 3.77083625, -5.7419947 ,  5.96050257, -8.72678189,  4.07168292,       -2.64792546,  2.8019276 , -6.1807118 , -4.90885745,  4.80414279]), array([ 3.79360287, -5.79481141,  5.78336984, -8.75940579,  4.19310376,       -2.38921684,  3.13592015, -6.04333157, -4.94227502,  4.63222863])]
population_costs=[564.7373452264212, 568.193284787417, 568.066463274466, 591.0847515944765, 571.0061303253215, 569.5528521292943, 565.8913451438448, 550.8914063696564, 569.4071305669802, 521.9845687152668, 519.7160731302196, 496.41703953933876, 488.8325374994886, 486.4653450154672, 479.22541339698074, 494.77950514865876, 495.4016407709361, 467.61622405585825, 454.9791131463513, 453.0046172251956, 446.75524432713456, 427.22385455007895, 423.3890310902404, 411.56016847760367, 416.5423748554667, 417.12180521126993, 400.873895637885, 398.4899252359864, 413.541211057553, 419.6122203962408, 410.5556348117146, 387.80013716873896, 376.2798968236541, 392.42357217467037, 366.6498856358423, 356.8017755770638, 357.9930365765348, 372.0763507349348, 346.5842498704977, 353.21828089984376, 343.2744408813047, 330.74297466651507, 331.52271892249877, 310.2521063580078, 318.2535499609691, 310.5068595409688, 304.1648970673387, 316.2689971315367, 295.66276181817443]
init_std=0
curr_std=0
generation_count=0
