archive_type='controller'
num_out_params=6
out_params=[array([-0.7819,  0.    ,  0.    ,  0.    , -0.7985,  0.7938,  0.3199,       -0.3148,  0.3199, -0.3148,  0.3199, -0.3148,  0.3199, -0.3148,        0.3199, -0.3148,  0.3199, -0.3148,  0.3199, -0.3148,  0.3199,       -0.3148,  0.3199, -0.3148,  0.3199, -0.3148,  0.3199, -0.3148,        0.3199, -0.3148,  2.7224,  2.1717,  0.9313,  0.4741, -3.1311,       -3.5062, -1.5295, -1.9339,  2.0783,  1.5665,  1.5963,  1.0112,        0.3199, -0.3148,  0.3199, -0.3148,  0.3199, -0.3148]), array([-0.78929943, -0.00961266,  0.00357671, -0.00576744, -0.80318907,        0.79363146,  0.31096725, -0.31331765,  0.31283457, -0.31301389,        0.32389517, -0.32275331,  0.31818112, -0.310912  ,  0.31818359,       -0.32380093,  0.32061793, -0.31152411,  0.32019778, -0.3059081 ,        0.3216311 , -0.30673196,  0.31264949, -0.32201447,  0.32604783,       -0.31684646,  0.31320708, -0.30624983,  0.31685532, -0.30978376,        2.72691996,  2.17936612,  0.93377344,  0.47911885, -3.13412203,       -3.51080144, -1.52158228, -1.93533818,  2.0875968 ,  1.56976883,        1.59873391,  1.00349492,  0.32888979, -0.31580176,  0.32146779,       -0.31663726,  0.31464054, -0.30673241]), array([-7.80426410e-01, -9.94259346e-03,  2.34289827e-03, -3.46710196e-03,       -7.97958838e-01,  8.01518842e-01,  3.17045395e-01, -3.06629297e-01,        3.22367202e-01, -3.24483575e-01,  3.28488745e-01, -3.10982062e-01,        3.29846457e-01, -3.21353190e-01,  3.12642715e-01, -3.06148091e-01,        3.23836363e-01, -3.23479997e-01,  3.25009261e-01, -3.09722476e-01,        3.28360491e-01, -3.10569505e-01,  3.12385419e-01, -3.24402397e-01,        3.10424220e-01, -3.24233870e-01,  3.14824221e-01, -3.07599441e-01,        3.20676621e-01, -3.13743560e-01,  2.72924062e+00,  2.16418347e+00,        9.26883674e-01,  4.75815185e-01, -3.12170809e+00, -3.50497940e+00,       -1.53912705e+00, -1.92788735e+00,  2.07295949e+00,  1.57264210e+00,        1.59405721e+00,  1.01847084e+00,  3.24842433e-01, -3.13675195e-01,        3.12629105e-01, -3.23601646e-01,  3.12326869e-01, -3.23908962e-01]), array([-7.89750117e-01, -5.48581323e-03,  4.25977961e-03,  1.19433964e-03,       -8.08248880e-01,  7.85239486e-01,  3.29245527e-01, -3.13437991e-01,        3.13965865e-01, -3.19753485e-01,  3.24776517e-01, -3.20891410e-01,        3.21527179e-01, -3.05399600e-01,  3.26836576e-01, -3.20003045e-01,        3.19775394e-01, -3.12400886e-01,  3.26479618e-01, -3.21664172e-01,        3.10271524e-01, -3.23399557e-01,  3.19626902e-01, -3.12673411e-01,        3.21277029e-01, -3.18452752e-01,  3.29672323e-01, -3.13205096e-01,        3.17502823e-01, -3.13781036e-01,  2.72730669e+00,  2.17508466e+00,        9.26598391e-01,  4.65426697e-01, -3.13369832e+00, -3.50360565e+00,       -1.53529652e+00, -1.92884489e+00,  2.06963073e+00,  1.56170630e+00,        1.60239509e+00,  1.00506869e+00,  3.22689218e-01, -3.14306594e-01,        3.28396159e-01, -3.19534065e-01,  3.11219222e-01, -3.10098681e-01]), array([-0.77645644,  0.00815632,  0.00863944, -0.00972097, -0.80381276,        0.79613557,  0.32888033, -0.30579648,  0.32103306, -0.30648787,        0.32273132, -0.31699985,  0.31961981, -0.31271379,  0.32089096,       -0.30627637,  0.32827467, -0.31690249,  0.32916525, -0.32132089,        0.31242659, -0.32209842,  0.32001324, -0.3243695 ,  0.3288594 ,       -0.30825769,  0.31020038, -0.32127607,  0.31654127, -0.32218006,        2.72858981,  2.16859473,  0.94010215,  0.47574028, -3.12352336,       -3.49930531, -1.52139215, -1.93470239,  2.07922694,  1.57247207,        1.59201438,  1.01100507,  0.32188221, -0.32448933,  0.32176963,       -0.31612647,  0.32604721, -0.3184951 ]), array([-7.74042226e-01,  1.55714431e-03, -6.31979597e-03,  5.75858468e-03,       -7.96259376e-01,  7.84878185e-01,  3.18303874e-01, -3.11218623e-01,        3.28272036e-01, -3.24791960e-01,  3.29435183e-01, -3.17268394e-01,        3.29375671e-01, -3.12705678e-01,  3.26476916e-01, -3.13305770e-01,        3.22461524e-01, -3.19088474e-01,  3.21636667e-01, -3.09799565e-01,        3.27066277e-01, -3.09698356e-01,  3.23861145e-01, -3.07510411e-01,        3.16353620e-01, -3.11384224e-01,  3.18917479e-01, -3.17157945e-01,        3.18116227e-01, -3.16770408e-01,  2.71874768e+00,  2.17413839e+00,        9.29904945e-01,  4.83576042e-01, -3.12754398e+00, -3.51222860e+00,       -1.53096598e+00, -1.93703308e+00,  2.08425278e+00,  1.57409997e+00,        1.60437684e+00,  1.01445440e+00,  3.15304165e-01, -3.19752666e-01,        3.26997959e-01, -3.14245707e-01,  3.25943222e-01, -3.13350230e-01])]
out_type=['differential_evolution', 'differential_evolution', 'differential_evolution', 'differential_evolution', 'differential_evolution', 'differential_evolution']
out_extras=[{}, {}, {}, {}, {}, {}]
in_costs=[0.0, 0.0, 0.0, 0.0, 0.0]
in_uncers=[0.05, 0.05, 0.05, 0.05, 0.05]
in_bads=[False, False, False, False, False]
in_extras=[{}, {}, {}, {}, {}]
max_num_runs=100.0
start_datetime='2020-01-31_13-48'
training_type='differential_evolution'
num_params=48
min_boundary=array([-0.8819, -0.1   , -0.1   , -0.1   , -0.8985,  0.6938,  0.2199,       -0.4148,  0.2199, -0.4148,  0.2199, -0.4148,  0.2199, -0.4148,        0.2199, -0.4148,  0.2199, -0.4148,  0.2199, -0.4148,  0.2199,       -0.4148,  0.2199, -0.4148,  0.2199, -0.4148,  0.2199, -0.4148,        0.2199, -0.4148,  2.6224,  2.0717,  0.8313,  0.3741, -3.2311,       -3.6062, -1.6295, -2.0339,  1.9783,  1.4665,  1.4963,  0.9112,        0.2199, -0.4148,  0.2199, -0.4148,  0.2199, -0.4148])
max_boundary=array([-0.6819,  0.1   ,  0.1   ,  0.1   , -0.6985,  0.8938,  0.4199,       -0.2148,  0.4199, -0.2148,  0.4199, -0.2148,  0.4199, -0.2148,        0.4199, -0.2148,  0.4199, -0.2148,  0.4199, -0.2148,  0.4199,       -0.2148,  0.4199, -0.2148,  0.4199, -0.2148,  0.4199, -0.2148,        0.4199, -0.2148,  2.8224,  2.2717,  1.0313,  0.5741, -3.0311,       -3.4062, -1.4295, -1.8339,  2.1783,  1.6665,  1.6963,  1.1112,        0.4199, -0.2148,  0.4199, -0.2148,  0.4199, -0.2148])
num_in_costs=5
best_cost=0.0
best_uncer=0.05
best_params=array([-0.7819,  0.    ,  0.    ,  0.    , -0.7985,  0.7938,  0.3199,       -0.3148,  0.3199, -0.3148,  0.3199, -0.3148,  0.3199, -0.3148,        0.3199, -0.3148,  0.3199, -0.3148,  0.3199, -0.3148,  0.3199,       -0.3148,  0.3199, -0.3148,  0.3199, -0.3148,  0.3199, -0.3148,        0.3199, -0.3148,  2.7224,  2.1717,  0.9313,  0.4741, -3.1311,       -3.5062, -1.5295, -1.9339,  2.0783,  1.5665,  1.5963,  1.0112,        0.3199, -0.3148,  0.3199, -0.3148,  0.3199, -0.3148])
best_index=1
