archive_type='controller'
num_out_params=1
out_params=[array([-0.782,  0.   ,  0.   ,  0.   , -0.798,  0.794,  0.32 ,  0.315,        0.32 , -0.315,  0.32 , -0.315,  0.32 , -0.315,  0.32 , -0.315,        0.32 , -0.315,  0.32 , -0.315,  0.32 , -0.315,  0.32 , -0.315,        0.32 , -0.315,  0.32 , -0.315,  0.32 , -0.315,  2.72 ,  2.17 ,        0.931,  0.474, -3.13 , -3.51 , -1.53 , -1.93 ,  2.08 ,  1.57 ,        1.6  ,  1.01 ,  0.32 , -0.315,  0.32 , -0.315,  0.32 , -0.315])]
out_type=['differential_evolution']
out_extras=[{}]
in_costs=[]
in_uncers=[]
in_bads=[]
in_extras=[]
max_num_runs=100.0
start_datetime='2020-01-30_14-32'
training_type='differential_evolution'
num_params=48
min_boundary=array([-4., -4., -4., -4., -4., -4., -4., -4., -4., -4., -4., -4., -4.,       -4., -4., -4., -4., -4., -4., -4., -4., -4., -4., -4., -4., -4.,       -4., -4., -4., -4., -4., -4., -4., -4., -4., -4., -4., -4., -4.,       -4., -4., -4., -4., -4., -4., -4., -4., -4.])
max_boundary=array([3., 3., 3., 3., 3., 3., 3., 3., 3., 3., 3., 3., 3., 3., 3., 3., 3.,       3., 3., 3., 3., 3., 3., 3., 3., 3., 3., 3., 3., 3., 3., 3., 3., 3.,       3., 3., 3., 3., 3., 3., 3., 3., 3., 3., 3., 3., 3., 3.])
num_in_costs=0
best_cost=inf
best_uncer=nan
best_params=nan
best_index=nan
