archive_type='controller'
num_out_params=1
out_params=[array([-2.21982857, -2.88379825,  1.0730132 , -1.7302313 , -1.40672004,       -0.05056104, -2.67982473,  0.44470563, -2.11962855,  0.53583322,        1.19855016, -2.38599343, -0.51566407,  1.16640095, -0.51492438,       -2.70027925,  0.21537844,  0.98276787,  0.08933467,  2.66756854,        0.51933024,  2.42041149, -2.17515178, -2.16434192,  1.84434773,       -0.61393898, -2.00787482,  2.56505148, -0.91340484,  1.50487262,        1.35598791,  2.29983655,  0.74203324,  1.5056546 , -0.90660995,       -1.38043265,  2.37531731, -0.43145286,  2.78904028,  0.98064899,        0.73017432, -2.31152416,  2.69693555, -0.3005272 ,  0.47033769,       -0.55117918, -1.57783812,  2.42027712])]
out_type=['differential_evolution']
out_extras=[{}]
in_costs=[]
in_uncers=[]
in_bads=[]
in_extras=[]
max_num_runs=126.0
start_datetime='2020-01-30_09-31'
training_type='differential_evolution'
num_params=48
min_boundary=array([-3., -3., -3., -3., -3., -3., -3., -3., -3., -3., -3., -3., -3.,       -3., -3., -3., -3., -3., -3., -3., -3., -3., -3., -3., -3., -3.,       -3., -3., -3., -3., -3., -3., -3., -3., -3., -3., -3., -3., -3.,       -3., -3., -3., -3., -3., -3., -3., -3., -3.])
max_boundary=array([3., 3., 3., 3., 3., 3., 3., 3., 3., 3., 3., 3., 3., 3., 3., 3., 3.,       3., 3., 3., 3., 3., 3., 3., 3., 3., 3., 3., 3., 3., 3., 3., 3., 3.,       3., 3., 3., 3., 3., 3., 3., 3., 3., 3., 3., 3., 3., 3.])
num_in_costs=0
best_cost=inf
best_uncer=nan
best_params=nan
best_index=nan
