archive_type='controller'
num_out_params=1
out_params=[array([-7.39942856, -9.61266084,  3.57671066, -5.76743768, -4.68906681,       -0.16853681, -8.9327491 ,  1.48235211, -7.0654285 ,  1.78611074,        3.9951672 , -7.95331142, -1.71888024,  3.88800315, -1.71641461,       -9.00093082,  0.71792812,  3.2758929 ,  0.29778224,  8.89189512,        1.73110081,  8.06803831, -7.25050592, -7.21447305,  6.14782577,       -2.04646326, -6.69291606,  8.55017161, -3.04468281,  5.01624206,        4.51995971,  7.66612182,  2.47344414,  5.01884868, -3.02203316,       -4.60144216,  7.91772436, -1.4381762 ,  9.29680094,  3.26882996,        2.4339144 , -7.70508054,  8.98978517, -1.00175733,  1.56779229,       -1.83726394, -5.2594604 ,  8.06759041])]
out_type=['differential_evolution']
out_extras=[{}]
in_costs=[]
in_uncers=[]
in_bads=[]
in_extras=[]
max_num_runs=10.0
start_datetime='2020-01-29_12-01'
training_type='differential_evolution'
num_params=48
min_boundary=array([-10., -10., -10., -10., -10., -10., -10., -10., -10., -10., -10.,       -10., -10., -10., -10., -10., -10., -10., -10., -10., -10., -10.,       -10., -10., -10., -10., -10., -10., -10., -10., -10., -10., -10.,       -10., -10., -10., -10., -10., -10., -10., -10., -10., -10., -10.,       -10., -10., -10., -10.])
max_boundary=array([10., 10., 10., 10., 10., 10., 10., 10., 10., 10., 10., 10., 10.,       10., 10., 10., 10., 10., 10., 10., 10., 10., 10., 10., 10., 10.,       10., 10., 10., 10., 10., 10., 10., 10., 10., 10., 10., 10., 10.,       10., 10., 10., 10., 10., 10., 10., 10., 10.])
num_in_costs=0
best_cost=inf
best_uncer=nan
best_params=nan
best_index=nan
