archive_type='gaussian_process_learner'
num_params=10
min_boundary=array([-10., -10., -10., -10., -10., -10., -10., -10., -10., -10.])
max_boundary=array([10., 10., 10., 10., 10., 10., 10., 10., 10., 10.])
start_datetime='2020-01-28_17-18'
cost_has_noise=True
length_scale_history=[array([2.67225078e+02, 4.26985268e-03, 2.12427875e-02, 8.08019008e-03,       8.11423915e+01, 1.10940025e+03, 3.30998977e-03, 1.06145815e+03,       4.65891793e-05, 1.03364832e+01]), array([4.14758354e+01, 2.92320470e+04, 1.69287765e+04, 3.09013428e+04,       4.64219727e-01, 3.59440676e+03, 4.80447875e+03, 1.00000000e+05,       1.93048493e+02, 1.00000000e+05]), array([2.71434886e+01, 1.00000000e+05, 2.09020907e-01, 1.34715551e+04,       5.76016389e-03, 1.41914065e+01, 2.97988127e+03, 1.89013177e+02,       1.00000000e+05, 1.47118621e+00]), array([7.95924056e-02, 1.00000000e+05, 1.00000000e+05, 1.00000000e+05,       1.41208453e+01, 1.09571595e+04, 5.68763790e+04, 8.16270537e+04,       2.46628385e+02, 1.00000000e+05]), array([7.53638272e+04, 1.00000000e+05, 1.00000000e+05, 3.75232506e+03,       1.42382268e+01, 8.07445498e+04, 1.00000000e+05, 3.76267123e-03,       1.89120393e+01, 1.00000000e+05]), array([3.02156315e+04, 3.63274784e+04, 1.00000000e+05, 3.62913036e-01,       1.88557174e+01, 7.94983065e+02, 6.63877923e+02, 1.00000000e+05,       5.54593777e+01, 2.67733214e+00]), array([3.03425217e+04, 3.63264612e+04, 9.99395514e+04, 3.37438906e+04,       1.61691491e+01, 1.90272661e-01, 1.00000000e+05, 1.00000000e+05,       2.05713220e+01, 1.07118227e+01]), array([1.00000000e+05, 6.53697223e+04, 1.10035597e+02, 2.79229195e+03,       1.48231121e+01, 1.00000000e-05, 1.00000000e+05, 1.00000000e+05,       1.90558089e+01, 9.99999965e+04]), array([1.00000000e+05, 1.00000000e+05, 7.57292532e+00, 1.47096742e+00,       8.20771175e+04, 1.00000000e+05, 4.54443270e+00, 2.84513254e+01,       2.66842888e+01, 6.62055830e+04]), array([1.00000000e+05, 1.00000000e+05, 7.38083508e+00, 1.45047592e+00,       8.20771176e+04, 1.00000000e+05, 4.97974274e+00, 2.34296436e+01,       2.67814784e+01, 6.62055984e+04]), array([3.18567167e+00, 2.00306911e+04, 1.47595756e+01, 7.57786583e+03,       3.51597744e+01, 7.82654493e+00, 8.20049327e+00, 1.00000000e+05,       1.34322499e+01, 1.00000000e+05]), array([1.00000000e+05, 1.00000000e+05, 1.71252499e+01, 1.16838762e+00,       2.18255393e+01, 1.00000000e+05, 4.78570333e+00, 9.46672230e+00,       2.57005975e+01, 1.00000000e+05]), array([1.00000000e+05, 1.00000000e+05, 9.17737456e+00, 1.10704212e+00,       5.68476292e+01, 1.00000000e+05, 3.92893490e+00, 1.04549107e+01,       2.68007208e+01, 1.00000000e+05]), array([1.73035130e+01, 1.06146145e+01, 1.00000000e+05, 8.67519912e+00,       1.28308199e+01, 1.00000000e+05, 8.86145872e+00, 9.47637890e+00,       1.50690599e+01, 1.00000000e+05]), array([1.71289284e+01, 1.26686074e+01, 1.00000000e+05, 9.17931445e+00,       1.45830125e+01, 9.99999265e+04, 4.93848575e+00, 9.15869874e+00,       1.67425008e+01, 1.00000000e+05]), array([1.15295233e+01, 1.71740253e+01, 9.99997037e+04, 1.04560343e+01,       1.43977170e+01, 9.99995650e+04, 6.70853765e+00, 1.37734107e+01,       7.26885906e+00, 1.00000000e+05]), array([1.00239731e+01, 1.76346332e+01, 9.99997064e+04, 9.86640305e+00,       1.46334959e+01, 9.99994964e+04, 6.61096767e+00, 1.19912418e+01,       7.61797693e+00, 1.00000000e+05]), array([1.31348763e+01, 7.81928937e+00, 9.99995791e+04, 7.85402988e+00,       1.41210439e+01, 9.99993002e+04, 7.72944844e+00, 1.12819608e+01,       1.39785192e+01, 9.99999980e+04]), array([1.84935927e+01, 7.83732597e+00, 9.99991981e+04, 8.44522704e+00,       1.42414814e+01, 9.99990839e+04, 6.45918465e+00, 7.12674490e+00,       1.11782049e+01, 9.99998589e+04]), array([1.84935924e+01, 7.83732648e+00, 9.99991966e+04, 8.44522642e+00,       1.42414813e+01, 9.99990830e+04, 6.45918455e+00, 7.12674497e+00,       1.11782037e+01, 9.99998582e+04])]
noise_level_history=[9.999999999999997e-06, 9.999999999999997e-06, 9.999999999999997e-06, 9.999999999999997e-06, 9.999999999999997e-06, 9.999999999999997e-06, 9.999999999999997e-06, 9.999999999999997e-06, 9.999999999999997e-06, 9.999999999999997e-06, 9.999999999999997e-06, 9.999999999999997e-06, 9.999999999999997e-06, 9.999999999999997e-06, 9.999999999999997e-06, 9.999999999999997e-06, 9.999999999999997e-06, 9.999999999999997e-06, 9.999999999999997e-06, 9.999999999999997e-06]
bad_run_indexs=[[], [], [], [], [], [], [], [], [], [], [], [], [], [], [], [], [], [], []]
bias_func_cycle=4
bias_func_cost_factor=[1.0, 1.0, 1.0, 1.0]
bias_func_uncer_factor=[0.0, 1.0, 2.0, 3.0]
generation_num=4
search_precision=1e-06
parameter_searches=10
hyperparameter_searches=10
bad_uncer_frac=0.1
trust_region=array([18., 18., 18., 18., 18., 18., 18., 18., 18., 18.])
has_trust_region=True
predict_global_minima_at_end=True
all_params=array([[  3.70439001,  -5.91095501,   7.56234873,  -9.45224814,          3.4093502 ,  -1.65390395,   1.17379657,  -7.19226123,         -6.03797022,   6.01489137],       [  9.36523151,  -3.73151644,   3.84645231,   6.25504853,          7.89213327,  -8.29911577,  -9.21890434,  -6.60339161,          7.56285007,  -8.03306332],       [ -0.78752539,   9.1577906 ,   0.6633057 ,   3.83754228,         -3.68968738,   3.5246753 ,   5.67518459,  -9.63423445,          5.0028863 ,   9.74452674],       [  4.96331309,  -3.55802497,   5.78558657,  -7.93547987,         -1.04212948,   8.17191006,  -4.12771703,  -4.7147856 ,         -7.39942856,  -7.90192027],       [  3.57671066,  -4.85466812,  -4.68906681,  -0.16853681,         -8.9327491 ,   1.48235211,  -7.0654285 ,   0.82304733,          3.9951672 ,  -6.38730983],       [ -1.71888024,   4.24182378,  -1.71641461,  -9.00093082,          0.71792812,   3.2758929 ,   0.29778224,   7.34820583,          1.73110081,   8.23655625],       [ -7.25050592,  -7.21447305,   6.14782577,  -2.44451026,         -6.69291606,   8.55017161,  -3.04468281,   5.01624206,          4.51995971,   7.6937265 ],       [  2.47344414,   5.01884868,  -3.02203316,  -4.87162131,          7.91772436,  -1.4381762 ,   9.29680094,   3.26882996,          2.4339144 ,  -7.49566817],       [  8.98978517,  -1.00175733,   1.56779229,  -2.24578065,         -5.2594604 ,   8.06759041,   1.47358973,  -9.94259346,          2.34289827,  -3.30781561],       [  0.54116205,   7.71884199,  -2.8546048 ,   7.26132218,          2.46720232,  -9.68357514,   8.58874467,   3.81793835,          9.94645701,  -6.35740181],       [ -7.25728501,   8.65190926,   3.93636323,  -8.74605815,          5.10926105,   5.07752377,   8.46049071,   4.23049517,         -7.51458076,  -9.37054385],       [ -1.71888024,   4.24182405,  -1.7164146 ,  -9.00093075,          0.71792812,   3.2758929 ,   0.29778269,   7.34820583,          1.73113759,   8.23655625],       [ -1.71888024,   4.24634769,  -1.71623184,  -8.99966753,          0.71792812,   3.2758929 ,   0.30531037,   7.34820583,          2.03683887,   8.23655625],       [ -1.71888024,   4.2621955 ,  -1.71559156,  -8.99524204,          0.71792812,   3.2758929 ,   0.33168233,   7.34820583,          2.64821508,   8.23655625],       [ -1.71888024,   4.24182378,  -1.71641461,  -9.00093082,          0.71792812,   3.2758929 ,   0.29778224,   7.34820583,          1.73110081,   8.23655625],       [ -9.47578026,  -9.43387024,  -5.07577865,   6.33973049,          0.77662129,   1.05643957,   6.84061785,  -7.5165337 ,         -4.41632642,   1.81317666],       [  9.08189265,  -5.3726219 ,   7.56671078,   8.72849831,          0.34256211,   5.38021264,   5.45010124,  -1.41908802,         10.        ,  -1.74995128],       [ -5.12152721,  -1.21238519,   7.55686765,  -1.03161349,         -3.00251315,   0.53900379,   7.77443803,  -2.13697193,          3.15921419,   0.24585594],       [  2.07218825,   7.00623597,  -5.47110261,  -7.71782749,         -7.49432473,   2.75852033,   7.22674974,   9.19032567,          8.74639224,   0.23225895],       [ -1.70843129,   4.2621955 ,  -1.71559156,  -8.99524204,          0.71715225,   3.2758929 ,   0.33168233,   7.34820583,         10.        ,   8.23655625],       [  9.39191497,   1.22060439,  -9.62705421,   5.21127554,         -5.34051452,   6.14210391,  -2.24278712,   7.27083709,          4.94243285,   1.22977883],       [ -1.71889294,   4.2621955 ,  -1.13356999,  -8.99524204,          1.74720337,   3.2758929 ,   0.36185471,   7.34820583,          2.64821508,   8.26672863],       [ -1.71892349,   4.2621955 ,   0.6165129 ,  -8.99524204,          3.81189395,   3.2758929 ,   0.51307567,   7.34820583,          2.64821508,   8.41794959],       [ -1.71902521,   4.2621955 ,   7.02858933,  -8.99524204,         10.        ,   3.2758929 ,   1.1479663 ,   7.34820583,          2.64821508,   9.05284022],       [ -1.7188832 ,   4.2621955 ,  -1.62145578,  -8.99524204,          0.72104058,   3.2758929 ,   0.33168232,   7.34820583,          2.64821508,   8.23655626],       [ -7.27089549,  -8.80164621,  -7.57313089,  -9.15355578,         -7.85011742,  -5.48581323,   4.25977961,   1.19433964,         -9.7488804 ,  -8.34098412],       [  9.48072952,  -4.36716949,  -4.39422448,   4.78185311,         -8.89021699,   0.99071824,  -9.75847122,  -7.03935742,         -6.09668542,   8.09075989],       [ -0.67896421,  -2.52868927,  -1.85778501,  -9.07039902,          8.03492437,   0.79648933,   8.44657438,   3.81219905,          5.23998738,  -0.54663587],       [ -5.26464787,   1.73048274,  -0.50160999,  -4.27092876,         -8.72565393,   9.48199065,   4.84160837,   8.12605614,         -5.2412183 ,  -2.29801914],       [ -1.77471015,   4.2621955 ,   0.6165129 ,  -8.99524204,          3.81180207,   3.2758929 ,   0.51307567,   7.34820583,          2.64826189,   8.41794959],       [  9.3455266 ,   1.36200924,  -5.93413531,  -5.20604572,          4.87651708,  -6.09141038,   1.62717855,   9.40039978,          6.93657603,  -5.02322606],       [ -0.10564815,   8.01299611,  -3.64909435,  -9.53928358,         -2.8944869 ,  -5.00680412,  -8.52583705,   4.99400098,          9.56665577,   9.30460477],       [ -1.77471015,   4.2621955 ,   0.6165129 ,  -8.99524204,          4.2803471 ,   3.2758929 ,   0.51307567,   7.48436333,          2.80650452,   8.41794959],       [ -1.77471015,   4.2621955 ,   0.6165129 ,  -8.99524204,          4.51435902,   3.2758929 ,   0.51307567,   7.55257495,          2.884522  ,   8.41794959],       [ -1.77471015,   4.2621955 ,   0.6165129 ,  -8.99524204,          3.81180279,   3.2758929 ,   0.51307567,   7.34820546,          2.64826496,   8.41794959],       [ -0.12460571,   2.39911437,   6.57961799,  -7.02110945,         -9.62847596,  -8.59955713,  -0.27309778,   2.12658923,          1.37702874,  -3.49126963],       [ -8.59620315,   0.76809274,  -1.98313011,  -4.8713317 ,         -3.79676706,  -3.77093826,  -5.05347988,   5.63348675,          2.65186136,  -2.38884137],       [  7.43774666,  -3.79528474,   2.9205049 ,  -8.46609517,         10.        ,  -7.82832395,  -9.67642843,  -4.32017489,        -10.        ,   7.34163373],       [  5.47601862,  -1.25253762,   9.86562021,  -4.91547653,         -4.7325184 ,   8.97849751,  -3.41388878,   5.60888905,          8.42088736,  -0.98265743],       [ -1.77492622,   4.26269376,   0.61661883,  -8.8333321 ,          5.66825603,   3.28218045,   0.52229332,   7.55257495,        -10.        ,   7.90133868],       [  9.77232309,   1.59490438,  -2.39717655,   0.46750333,          4.90668862,   3.38465787,  -4.70160885,  -8.67330331,         -2.59831604,   2.68194278],       [  0.90757385,  -2.66639565,   5.71100886,  -6.03470472,          6.35393411,   3.37515206,  -5.24340627,  -5.26552134,          2.58616063,  -1.75291566],       [ -8.54872249,  -3.71769661,  -8.01992308,  -8.28393342,          7.17980405,   3.40462242,  -1.26850297,   9.73017381,          2.5344587 ,  -4.79344207],       [  2.36401764,   9.40093512,   2.67250054,  -3.2641657 ,          7.7019884 ,   3.42434209,  -2.45277404,   7.61978459,          2.58433573,  -6.98367641],       [ -8.59620315,   0.76809274,  -1.98313011,  -4.8713317 ,         -3.79676706,  -3.77093826,  -5.05347988,   5.63348675,          2.65186136,  -2.38884137],       [ -5.7965198 ,   5.05511107,  -8.66927037,  -5.05425543,          6.09509127,  -6.13131435,   2.78921762,   0.49340618,          8.49615941,  -4.55979284],       [ -8.59620315,   0.76809274,  -1.98313011,  -4.8713317 ,         -3.79676706,  -3.76469175,  -5.05347988,   5.63348675,          2.65186136,  -2.38884137],       [ -8.59620315,   0.76809274,  -1.98313011,  -4.8713317 ,         -3.79676706,  -3.75217042,  -5.05347988,   5.63348675,          2.65186136,  -2.38884137],       [ -8.59620315,   0.76809274,  -1.98313011,  -4.8713317 ,         -3.79676706,  -3.71463402,  -5.05347988,   5.63348675,          2.65186136,  -2.38884137],       [ -8.59620315,   0.76809274,  -1.98313011,  -4.8713317 ,         -3.79676706,  -3.77093826,  -5.05347988,   5.63348675,          2.65186136,  -2.38884137],       [ -8.68077819,   4.70131927,   5.44356059,   7.24765618,          8.63944138,  -9.72096854,  -5.31275828,   2.33556714,          8.98032641,   9.01530854],       [ -5.45385791,   3.91927984,  -4.00290446,  -7.32797649,         -5.29108867,   0.04751462,   4.24175532,  10.        ,         -8.67695886,   5.86219566],       [ -8.59619848,   0.76809647,   2.74575819,  -2.54006197,         -3.79677425,  -3.71463402,  -9.29524818,  10.        ,          3.49213876,  -2.3888277 ],       [ -1.07283124,  -9.84878599,   2.85147237,  -2.62063381,         -4.78985261,   5.45632417, -10.        ,  10.        ,         -0.65468908,  -3.78262565],       [  0.35082891,   1.88526161,  -0.88488868,  -8.73525567,          4.02263359,   2.78513052,   2.55542362,  10.        ,         -0.0508372 ,  -3.36331111],       [  1.13306376,   8.312127  ,   2.83132418,  -2.59021646,         -0.28018666,   2.08620966,   0.99095843,   8.52362853,          8.37466871,  -1.95934179],       [  5.68149468,  -2.3717889 ,   2.31568781,  -4.57123547,         -8.03672169,   2.48562904,  -8.94997855,  -8.        ,        -10.        ,  -5.11390255],       [  5.41780526,   3.40652415,  -9.50489819,   3.4257294 ,          2.47807228,  -6.80193754,   1.77721817,  10.        ,         10.        ,   0.34251002],       [ -2.86115065,   7.66281988,   5.89054495,   1.73203553,          7.42835852,  -9.24654271,   8.79690448,  -4.38959736,          4.96261703,  -2.50780375],       [  0.35058375,   1.88526161,  -0.04240629,  -9.05323507,          4.02247118,   2.78513052,   1.74327155,  10.        ,          1.1124597 ,  -3.36585858],       [  9.26525057,  -6.26305593,  -7.47340961,  -7.29841684,          0.11324331,  -9.56950389,   8.95940422,   6.6328367 ,         -9.33057881,  -6.47607489],       [  2.56525793,   7.74365082,  -8.61766548,   7.54410924,         -6.41109209,   7.78507043,  -2.5775344 ,  -1.31733707,          9.91415909,   7.01582873],       [  2.48352631,  -8.69689916, -10.        ,   1.0712818 ,         -6.10590786,   9.33112833,  -3.49513811,  -2.75091722,         10.        ,  -5.06916047],       [  2.39809573,  -5.57084981, -10.        ,  -9.36652823,         -8.46678293,  10.        ,  -4.08509491,  -1.52446637,         10.        ,  -6.97330008],       [  1.89337482,   4.17731729,  -3.92774183,   6.91113462,         -3.0158874 ,   6.65142795,   0.37038066,   4.99902249,          7.1073826 ,  -6.00588093],       [ -3.35872851,  -7.10882376,   6.18981384,  -3.10526695,          8.80214965,   1.6402836 ,   7.57663969,   6.97599038,          8.14329291,  -0.80239468],       [  2.79314345,  -1.91985559, -10.        ,  -5.11634462,          5.75783362,   0.66231265,  -5.2525955 ,  10.        ,          1.97945201,   7.33776288],       [ -5.84891856,   3.66479074,  10.        ,  -1.26555345,        -10.        ,   9.40526818,   2.77149996,  10.        ,        -10.        ,   7.41570892],       [ -0.67449432,  -0.52704404,   1.10542408,  -0.49592686,        -10.        ,   0.07859408,   1.99889055,  10.        ,         10.        ,   6.39843372],       [ -6.85526157,  -6.01039512, -10.        ,  -4.95110007,         -0.81156044,  -2.44130776,  -4.5215395 ,   9.18622034,          2.08762296,   3.49209998],       [  0.92693632,   6.03493308,  -4.28562297,  -0.19492955,          1.98220615,  -9.68933449,   1.86962816,  -1.0299298 ,          6.21938656,  -3.69510394],       [ -2.26053708,   2.14513327,  -0.58188922,  -4.47715289,        -10.        ,   2.92246715,   1.2695844 ,  10.        ,        -10.        ,   1.58408214],       [ -0.38140394,   2.96312887,  -6.23898695,  -1.95581809,        -10.        ,  -3.74737922,  -0.91989774,  10.        ,         10.        ,  -8.10065681],       [ -9.48410467,   3.09140423,   0.26568795,  -6.13594219,         10.        ,  -7.79567146,  -7.05243751,  10.        ,         10.        ,  -8.51799192],       [ -6.10003734,   7.10819675,  -2.53073842,  -5.41333579,         10.        ,   2.00660108,  -5.34358913,   9.24143872,          6.4227174 ,  -8.35853578],       [  7.85777417,   1.55714431,  -6.31979597,   5.75858468,          2.24062354,  -9.01288535,  -1.5961264 ,   3.58137673,          8.37203556,  -9.9919595 ],       [-10.        ,   1.64448632,   2.78635942,   2.6064908 ,         -5.51006236,  -1.77623512,  -2.80606917,   2.86501828,          3.89584262,   6.62384201],       [ -7.60306789,  -4.29775552,   5.83888049,   8.94676493,        -10.        ,  -0.72571136,  -7.65638797,   4.17945733,          8.21583786,  -4.26327496],       [ -8.71739642,  -6.6893096 ,   6.27560135,   8.94676493,        -10.        ,  -8.80814421, -10.        ,   3.86796156,         10.        ,  -0.7510448 ],       [ -8.48872648,   1.6737759 ,  -8.41824867,   1.05676548,         -4.16369534,   9.97990949,  -2.38643158,   3.55923384,          3.32824568,  -4.378774  ],       [  9.53518298,  -2.46839371,   9.47567077,   2.09432202,          6.57691616,   0.52335013,   2.56152397,  -4.28847437,          1.73666681,   5.00043527],       [ -1.06963221,   2.1803445 ,  -0.95305311,  -6.65540319,        -10.        ,   1.94978842,   9.18509825,  -3.42351729,          1.48517312,  -3.22187529],       [ -0.38996125,   2.35016357,  -5.35012758,  -8.14951094,        -10.        ,   0.80346009,  10.        ,  -4.8196081 ,          1.71252114,   4.1081088 ],       [  0.49565896,   2.87106694,  -1.05237555,  -9.37207794,        -10.        ,  -2.38229191,  10.        ,  -5.97904485,          2.26716126,   6.07129671],       [ -1.67994842,   2.08273561,  -4.03228788,  -5.18271495,         -8.48763209,   5.01808067,   8.21907547,  -2.3653691 ,          1.79845381,   3.6223284 ],       [  7.16627673,   5.10164377,   3.96114497,   7.2895886 ,         -3.54638006,   2.28258918,  -0.98252127,  -2.35794496,         -1.783773  ,  -1.97040833],       [-10.        ,   5.24869369,  -9.04764503,  -7.40013152,         -7.84746106,   3.05047903,  10.        ,   3.04260712,          1.01295275,   3.69198825],       [-10.        ,  10.        ,  -2.05671787,  -7.24980193,         -8.2666854 ,   5.14273946,  10.        ,   5.48482524,          1.742042  ,  -5.21622515],       [-10.        , -10.        ,  -8.04073727,   0.50222065,        -10.        ,  10.        ,  -9.73854899,  -8.        ,          3.31422549,  -3.3111773 ],       [ -7.30802096,   2.61443169,   8.80261488,  -6.37958157,         -7.33220847,  -1.14831431,  10.        ,   1.56429538,          0.48236833,   2.49484515],       [ -3.65232108,   2.43838736,  -1.39505458,   9.47604156,          3.55601783,  -6.36405319,  -1.46597981,  -3.1330752 ,          5.95277608,   7.59996577],       [  1.02676827,  -8.62714433,  -2.76326449,  -3.40290338,         -9.86167596,   6.4771033 ,  10.        ,   2.4223815 ,         -1.96947367,   8.87848047],       [ 10.        , -10.        ,  -2.50534689,   0.90620616,          3.3275824 ,  -9.83417918,  -1.2418258 ,  10.        ,         -3.6116612 ,  -0.74200639],       [ 10.        , -10.        ,   5.19045139,   8.94676493,          7.70785236,  -7.77793341,  -2.31112068,  10.        ,         -5.20982172,  -2.01996145],       [  0.35479718,  10.        ,   4.65651937,  -8.6988811 ,          1.51483155,   4.15642641,   2.59391149,  10.        ,          5.97465903,   8.72441955],       [  8.07683912,   3.25439625,  -4.59583476,  -4.95266597,          7.09795885,  -0.33719363,   6.04322168,   1.44977034,          4.66285051,   0.38023255],       [ -1.66282111,   0.86613798,  -6.69591577,  -2.80048119,         -2.86642647,  -2.62971761,  10.        ,  -8.        ,         -4.58548912,  -4.3523942 ],       [ -1.05365345,   1.35963376,   0.31223528,  -2.93298192,         -1.48241629,   2.79566734,  10.        ,  -8.        ,        -10.        ,  -7.63546254],       [  1.41443356,   2.13071344,   5.58060033,  -1.62975217,         -0.29596526,   7.02752471,  10.        ,  -8.        ,        -10.        ,  -3.27832471],       [ -2.24564719,   0.24950732,  -8.01195424,  -2.91598577,         -5.01180863,   6.45277072,  10.        ,  -7.22553085,          0.51429009,   8.4440777 ]])
all_costs=array([ 564.73734523,  463.18552606,  224.45964482, 1163.41656951,        408.75682652,  190.07980198,  232.06600227,  521.73245551,        661.08822922, 1258.34800336,  423.39578343,  190.07971018,        189.31911931,  188.09436288,  190.07980198, 1350.42329956,        659.14611543,  232.73834478,  245.39821306,  237.49041648,        237.16751276,  177.29369638,  168.02360493,  243.72796491,        188.41585862,  263.5767513 , 1343.21294397,  625.50325222,        209.54346935,  167.92325636,  216.78775538, 1310.72349883,        166.30081466,  165.99087892,  167.92326039,  712.28016839,        156.00525335, 1353.30445537,  554.87366814,  270.29766163,        604.49287459,  431.24901508,  593.80164007,  264.49226518,        156.00525335,  372.98838684,  155.99606315,  155.97773925,        155.92359287,  156.00525335,  596.16990418,  216.18459608,        282.00254855,  258.69379597,  122.20838419,  139.49607356,       2398.63419407,  670.02293238,  540.51780564,  115.58137701,        395.40781003,  320.00740742,  283.06185782,  755.23849253,        280.68264335, 1547.86309743,  222.97533907,  437.19539242,        288.84714823,  297.97108664,  127.51913484,  310.63421132,        300.04629567,  531.1766777 ,  393.23641939,  413.72085947,        159.49435139,  283.07633563,  452.43044892,  220.13685499,        187.5994383 ,  253.50441567,  322.33613788,  475.96412374,        192.69871506,  226.01330289,  403.60428497,  360.45186603,        372.48399794,  247.83146254,  400.62265615,  561.68829857,        395.9446849 ,  947.57418223,  279.31905232,  176.20523174,        220.04401373,  272.231756  ,  289.98215857,  322.73155852])
all_uncers=array([0., 0., 0., 0., 0., 0., 0., 0., 0., 0., 0., 0., 0., 0., 0., 0., 0.,       0., 0., 0., 0., 0., 0., 0., 0., 0., 0., 0., 0., 0., 0., 0., 0., 0.,       0., 0., 0., 0., 0., 0., 0., 0., 0., 0., 0., 0., 0., 0., 0., 0., 0.,       0., 0., 0., 0., 0., 0., 0., 0., 0., 0., 0., 0., 0., 0., 0., 0., 0.,       0., 0., 0., 0., 0., 0., 0., 0., 0., 0., 0., 0., 0., 0., 0., 0., 0.,       0., 0., 0., 0., 0., 0., 0., 0., 0., 0., 0., 0., 0., 0., 0.])
best_cost=115.58137700770203
best_params=array([ 0.35058375,  1.88526161, -0.04240629, -9.05323507,  4.02247118,        2.78513052,  1.74327155, 10.        ,  1.1124597 , -3.36585858])
best_index=59
worst_cost=2398.634194074199
worst_index=56
cost_range=2283.052817066497
fit_count=20
costs_count=100
params_count=73
update_hyperparameters=True
length_scale=array([1.84935924e+01, 7.83732648e+00, 9.99991966e+04, 8.44522642e+00,       1.42414813e+01, 9.99990830e+04, 6.45918455e+00, 7.12674497e+00,       1.11782037e+01, 9.99998582e+04])
noise_level=9.999999999999997e-06
predicted_best_parameters=array([ 9.61194362,  2.82721384,  8.56468125, -1.64321662,  4.26839902,        8.11827954,  3.88371134, -2.55724987,  0.25753758, -0.43373001])
predicted_best_scaled_cost=array([-1.32483694])
predicted_best_scaled_uncertainty=array([0.38997862])
predicted_best_cost=array([-67.4270058])
predicted_best_uncertainty=array([0.00106854])
