archive_type='neural_net_learner'
num_params=48
min_boundary=array([-10., -10., -10., -10., -10., -10., -10., -10., -10., -10., -10.,       -10., -10., -10., -10., -10., -10., -10., -10., -10., -10., -10.,       -10., -10., -10., -10., -10., -10., -10., -10., -10., -10., -10.,       -10., -10., -10., -10., -10., -10., -10., -10., -10., -10., -10.,       -10., -10., -10., -10.])
max_boundary=array([10., 10., 10., 10., 10., 10., 10., 10., 10., 10., 10., 10., 10.,       10., 10., 10., 10., 10., 10., 10., 10., 10., 10., 10., 10., 10.,       10., 10., 10., 10., 10., 10., 10., 10., 10., 10., 10., 10., 10.,       10., 10., 10., 10., 10., 10., 10., 10., 10.])
start_datetime='2020-01-29_12-06'
bad_run_indexs=[[]]
generation_num=3
search_precision=1e-06
parameter_searches=48
hyperparameter_searches=48
bad_uncer_frac=0.1
trust_region=array([10., 10., 10., 10., 10., 10., 10., 10., 10., 10., 10., 10., 10.,       10., 10., 10., 10., 10., 10., 10., 10., 10., 10., 10., 10., 10.,       10., 10., 10., 10., 10., 10., 10., 10., 10., 10., 10., 10., 10.,       10., 10., 10., 10., 10., 10., 10., 10., 10.])
has_trust_region=True
predict_global_minima_at_end=True
predicted_best_parameters=array([  8.095345  ,   3.1146124 ,  10.        , -10.        ,        10.        , -10.        ,  10.        , -10.        ,         9.74983826,  10.        , -10.        ,  10.        ,       -10.        ,  10.        , -10.        ,  10.        ,        10.        ,  -4.3810206 , -10.        ,  10.        ,       -10.        ,  10.        ,  10.        , -10.        ,        -0.37297542,  10.        ,   5.06474328,  10.        ,       -10.        , -10.        ,  10.        ,  10.        ,        10.        ,   9.76395988,  10.        ,  10.        ,        10.        ,  10.        ,  10.        , -10.        ,        10.        ,  10.        , -10.        , -10.        ,         1.52759608,  10.        ,  10.        ,  10.        ])
predicted_best_scaled_cost=1948.9286634833413
predicted_best_cost=1948.9286634833413
all_params=array([[-7.39942856, -9.61266084,  3.57671066, -5.76743768, -4.68906681,        -0.16853681, -8.9327491 ,  1.48235211, -7.0654285 ,  1.78611074,         3.9951672 , -7.95331142, -1.71888024,  3.88800315, -1.71641461,        -9.00093082,  0.71792812,  3.2758929 ,  0.29778224,  8.89189512,         1.73110081,  8.06803831, -7.25050592, -7.21447305,  6.14782577,        -2.04646326, -6.69291606,  8.55017161, -3.04468281,  5.01624206,         4.51995971,  7.66612182,  2.47344414,  5.01884868, -3.02203316,        -4.60144216,  7.91772436, -1.4381762 ,  9.29680094,  3.26882996,         2.4339144 , -7.70508054,  8.98978517, -1.00175733,  1.56779229,        -1.83726394, -5.2594604 ,  8.06759041]])
all_costs=array([2016.90301346])
all_uncers=array([0.])
best_cost=2016.9030134589273
best_params=array([-7.39942856, -9.61266084,  3.57671066, -5.76743768, -4.68906681,       -0.16853681, -8.9327491 ,  1.48235211, -7.0654285 ,  1.78611074,        3.9951672 , -7.95331142, -1.71888024,  3.88800315, -1.71641461,       -9.00093082,  0.71792812,  3.2758929 ,  0.29778224,  8.89189512,        1.73110081,  8.06803831, -7.25050592, -7.21447305,  6.14782577,       -2.04646326, -6.69291606,  8.55017161, -3.04468281,  5.01624206,        4.51995971,  7.66612182,  2.47344414,  5.01884868, -3.02203316,       -4.60144216,  7.91772436, -1.4381762 ,  9.29680094,  3.26882996,        2.4339144 , -7.70508054,  8.98978517, -1.00175733,  1.56779229,       -1.83726394, -5.2594604 ,  8.06759041])
best_index=0
worst_cost=2016.9030134589273
worst_index=0
cost_range=0.0
costs_count=1
params_count=1
length_scale=1
noise_level=1
cost_scaler_init_index=1
net_0={'last_hyperfit': 0, 'last_net_reg': 1e-08, 'losses_list': [1.0096275, 0.16062674, 0.042427264, 0.00022621342, 0.0030302226, 0.0023415675, 0.0004068526, 4.343324e-06, 2.3377293e-05, 2.7168102e-05, 1.41873425e-05, 5.490519e-06, 2.0413431e-06, 9.556778e-07, 6.499045e-07, 5.662584e-07, 5.4261983e-07, 5.351621e-07, 5.3249755e-07, 5.312755e-07, 5.306946e-07, 5.303256e-07, 5.30086e-07, 5.2990305e-07, 5.297361e-07, 5.295772e-07, 5.294182e-07, 5.2925793e-07, 5.290951e-07, 5.2893006e-07, 5.28763e-07, 5.285939e-07], 'scaler_samples': (array([[-7.39942856, -9.61266084,  3.57671066, -5.76743768, -4.68906681,        -0.16853681, -8.9327491 ,  1.48235211, -7.0654285 ,  1.78611074,         3.9951672 , -7.95331142, -1.71888024,  3.88800315, -1.71641461,        -9.00093082,  0.71792812,  3.2758929 ,  0.29778224,  8.89189512,         1.73110081,  8.06803831, -7.25050592, -7.21447305,  6.14782577,        -2.04646326, -6.69291606,  8.55017161, -3.04468281,  5.01624206,         4.51995971,  7.66612182,  2.47344414,  5.01884868, -3.02203316,        -4.60144216,  7.91772436, -1.4381762 ,  9.29680094,  3.26882996,         2.4339144 , -7.70508054,  8.98978517, -1.00175733,  1.56779229,        -1.83726394, -5.2594604 ,  8.06759041]]), array([2016.90301346])), 'net': {'saver_path': './M-LOOP_archives/neural_net_archive_2020-01-29_12-06_AYSu1upT.ckpt'}}
net_1={'last_hyperfit': 0, 'last_net_reg': 1e-08, 'losses_list': [], 'scaler_samples': None, 'net': {'saver_path': './M-LOOP_archives/neural_net_archive_2020-01-29_12-06_shbEJnxX.ckpt'}}
net_2={'last_hyperfit': 0, 'last_net_reg': 1e-08, 'losses_list': [], 'scaler_samples': None, 'net': {'saver_path': './M-LOOP_archives/neural_net_archive_2020-01-29_12-06_bUNMVke7.ckpt'}}
