archive_type='neural_net_learner'
num_params=48
min_boundary=array([-5., -5., -5., -5., -5., -5., -5., -5., -5., -5., -5., -5., -5.,       -5., -5., -5., -5., -5., -5., -5., -5., -5., -5., -5., -5., -5.,       -5., -5., -5., -5., -5., -5., -5., -5., -5., -5., -5., -5., -5.,       -5., -5., -5., -5., -5., -5., -5., -5., -5.])
max_boundary=array([5., 5., 5., 5., 5., 5., 5., 5., 5., 5., 5., 5., 5., 5., 5., 5., 5.,       5., 5., 5., 5., 5., 5., 5., 5., 5., 5., 5., 5., 5., 5., 5., 5., 5.,       5., 5., 5., 5., 5., 5., 5., 5., 5., 5., 5., 5., 5., 5.])
start_datetime='2020-01-29_13-42'
bad_run_indexs=[[]]
generation_num=3
search_precision=1e-06
parameter_searches=48
hyperparameter_searches=48
bad_uncer_frac=0.1
trust_region=array([8., 8., 8., 8., 8., 8., 8., 8., 8., 8., 8., 8., 8., 8., 8., 8., 8.,       8., 8., 8., 8., 8., 8., 8., 8., 8., 8., 8., 8., 8., 8., 8., 8., 8.,       8., 8., 8., 8., 8., 8., 8., 8., 8., 8., 8., 8., 8., 8.])
has_trust_region=True
predict_global_minima_at_end=True
predicted_best_parameters=array([-5.        ,  4.84037887, -1.57081174,  5.        ,  2.73079029,       -4.59115509, -5.        ,  5.        ,  5.        ,  4.58633532,        5.        ,  5.        , -0.34415835, -5.        ,  5.        ,        2.41035651,  2.18368212, -5.        , -5.        , -5.        ,        5.        , -5.        ,  1.34299862, -5.        , -2.60055049,        5.        ,  5.        , -2.32146944, -5.        , -0.93279395,        5.        ,  5.        , -5.        , -5.        , -5.        ,        5.        , -3.64885783, -5.        , -5.        , -3.38655081,        5.        , -5.        ,  4.38553167,  5.        ,  5.        ,       -5.        , -5.        ,  0.36919109])
predicted_best_scaled_cost=-5448.920181962081
predicted_best_cost=-5448.920181962081
all_params=array([[-3.69971428e+00, -4.80633042e+00,  1.78835533e+00,        -2.88371884e+00, -2.34453341e+00, -8.42684072e-02,        -4.46637455e+00,  7.41176055e-01, -3.53271425e+00,         8.93055369e-01,  1.99758360e+00, -3.97665571e+00,        -8.59440122e-01,  1.94400158e+00, -8.58207305e-01,        -4.50046541e+00,  3.58964059e-01,  1.63794645e+00,         1.48891121e-01,  4.44594756e+00,  8.65550405e-01,         4.03401915e+00, -3.62525296e+00, -3.60723653e+00,         3.07391289e+00, -1.02323163e+00, -3.34645803e+00,         4.27508580e+00, -1.52234140e+00,  2.50812103e+00,         2.25997985e+00,  3.83306091e+00,  1.23672207e+00,         2.50942434e+00, -1.51101658e+00, -2.30072108e+00,         3.95886218e+00, -7.19088101e-01,  4.64840047e+00,         1.63441498e+00,  1.21695720e+00, -3.85254027e+00,         4.49489259e+00, -5.00878665e-01,  7.83896144e-01,        -9.18631972e-01, -2.62973020e+00,  4.03379521e+00],       [ 3.35383138e-01, -4.97648149e+00,  1.17144914e+00,        -1.73355098e+00,  2.70581023e-01,  3.85942099e+00,        -1.95119368e+00,  4.08535151e+00,  9.01528341e-01,        -4.84178757e+00,  4.29437234e+00,  1.23420075e+00,         4.97322850e+00, -3.27659492e+00, -3.62864250e+00,         2.92662740e+00,  1.96818161e+00, -4.33999827e+00,         2.55463053e+00,  2.89464401e+00,  4.23024536e+00,         2.41353651e+00, -3.83499117e+00, -4.81327061e+00,        -4.66591457e+00, -4.71693512e+00, -2.62319113e+00,         3.77875586e+00,  3.88310643e-01,  5.28219787e-01,         3.42030892e+00, -3.02864987e+00, -2.20816321e+00,         8.57592715e-01,  4.69595748e+00,  6.10302193e-01,        -3.87254510e+00,  3.00632673e+00, -1.40589169e+00,         3.07105196e+00, -1.12139356e+00,  2.89921434e+00,         2.84924241e+00,  5.62402340e-01, -3.63544774e+00,        -4.40082310e+00, -3.78656544e+00, -3.56674353e+00],       [-3.92505871e+00, -3.18901694e+00,  2.12988980e+00,         5.97169821e-01, -4.87444020e+00, -3.48269242e+00,         4.67276330e+00,  1.14976743e+00, -2.96706765e+00,        -2.94147297e+00,  2.76984327e+00, -3.04570519e+00,         1.63966377e+00,  4.43189729e+00,  2.93593544e+00,        -2.60152241e+00, -6.23028573e-02,  3.68817592e-01,         3.28980900e+00, -3.43208605e+00, -3.60684591e+00,        -4.29977856e+00, -5.42642762e-01, -3.61447733e-02,        -2.59143529e-01, -2.37126657e+00,  4.88616154e+00,         1.12472807e+00, -1.19858827e+00,  5.09482191e-01,         2.56038252e+00,  1.67315550e+00, -2.35080442e+00,        -4.33665166e+00, -2.30847603e-01,  1.29717507e+00,        -3.08164620e+00,  2.52911979e+00, -4.33463519e+00,        -2.34429296e+00,  3.04754564e+00, -3.06565717e+00,         1.39460881e+00,  2.46703091e-01,  3.66041257e+00,        -2.73586449e+00, -4.39227181e+00,  1.93406576e+00],       [ 2.00747028e+00,  3.90656595e+00,  4.31972069e+00,        -4.86048427e+00, -3.09567685e+00,  8.70069334e-01,         4.57544683e+00,  4.50176119e+00,  5.66531882e-01,         4.15606350e+00,  1.41566209e+00, -1.11774823e+00,        -1.40093329e-01,  1.60969158e+00,  4.95479215e-01,         4.26181427e+00,  4.18733436e+00, -1.05124387e+00,         4.64327213e+00, -3.33560715e+00, -3.81336736e+00,        -3.82478141e+00,  5.66216568e-02, -4.78475195e+00,         4.47970211e+00,  3.27115471e+00, -2.99197687e+00,        -3.23803744e+00, -1.67936426e+00, -3.69003155e+00,         3.09490692e+00, -1.55263347e+00,  4.40107482e+00,         4.21915822e-02,  3.78831984e+00,  3.44734445e+00,         3.98000134e+00, -4.01197342e-01, -2.65705524e-01,         2.98603591e+00, -2.10885053e+00, -1.29653435e-01,         9.91103076e-01, -4.84466724e+00,  1.20328407e+00,        -6.63236510e-01,  1.94953999e+00, -1.84755197e+00],       [ 3.10291261e+00,  6.69347348e-01, -3.15989798e+00,         2.87929234e+00, -2.69040705e-02, -4.48692888e+00,         1.71815533e-01,  1.79068837e+00,  4.18601778e+00,        -4.99597975e+00,  4.76759149e+00, -1.25140853e+00,         4.73783538e+00,  1.61316695e+00,  3.28845808e+00,         7.47115047e-01,  1.28076198e+00, -2.14423718e+00,         9.88072821e-01,  2.17614369e+00,  3.06227412e+00,         1.56938224e+00,  1.98057248e+00,  3.64479430e+00,        -1.77319003e+00,  1.70788791e+00,  5.44479828e-01,        -1.17897248e+00, -8.91886501e-01, -9.85204165e-01,        -1.82616054e+00,  1.21919368e+00, -6.97527292e-01,         3.43638662e+00,  1.77800891e+00, -3.01430112e+00,        -7.67828424e-01, -1.56653760e+00,  1.91183123e+00,         3.79998289e+00,  4.04299145e+00,  1.58368581e+00,        -2.29791738e+00, -2.47633298e+00,  3.64480665e+00,         2.77146463e-01,  1.90478458e+00,  7.24885172e-01],       [ 1.65322537e+00,  9.20142832e-02,  2.70883911e+00,         6.88579907e-01, -1.21584653e+00, -1.73852426e+00,        -2.75924131e+00, -1.22075821e+00, -4.20373922e+00,         4.82817114e+00, -3.18387149e+00,  3.08148082e+00,         3.74961645e+00,  2.33029274e+00,  6.94944127e-01,        -3.39028563e+00, -3.31199772e-01, -1.54827949e+00,        -2.52501003e+00,  6.69102573e-01, -2.06680130e+00,         2.97206122e+00,  4.09635525e+00, -2.42881706e+00,        -3.89108699e+00, -3.07037268e+00,  9.39706800e-01,         2.28585668e+00, -2.91805562e+00, -2.51966442e+00,         3.51671875e+00, -8.41512817e-01,  1.16685067e+00,        -2.97566884e+00, -3.98032741e+00,  1.58570170e-01,        -2.67546880e-01, -3.47328356e+00,  3.88177841e-01,         4.40101188e-01,  1.55781773e+00, -3.56403505e+00,         2.51527817e+00, -2.77950860e+00,  5.10944339e-01,         2.85296028e+00, -4.80778575e+00, -1.75637540e+00],       [ 2.92171932e+00,  3.28743165e+00,  3.84405926e-01,         3.66608274e+00,  2.71770538e+00,  2.86516959e+00,         3.78518477e+00, -4.01256598e+00,  1.51304332e+00,         2.03516988e+00,  1.10240813e+00,  2.95960605e+00,        -4.65428780e+00,  3.03138188e+00,  2.31728601e+00,        -2.40301607e+00, -2.42930701e+00,  1.32303317e+00,        -1.35728670e+00,  2.62169192e+00, -8.09279696e-01,         1.81009324e+00,  4.90471784e+00, -1.99751660e+00,        -3.56994172e+00,  4.01308436e+00,  1.28028686e+00,         4.74740371e+00,  1.36604400e+00,  4.93913025e+00,         4.60708041e-01,  2.64259339e-01, -3.64572097e+00,        -1.91840220e+00, -4.73781433e+00, -3.39604820e+00,         2.39549348e+00, -4.69600310e+00, -1.82377034e+00,         3.62346253e+00,  1.94138901e+00,  1.86405611e+00,        -3.11363199e+00, -5.80957193e-01,  1.09210561e+00,         4.89751708e+00, -3.24483064e+00, -2.52267098e+00],       [-2.62079466e+00,  2.35992884e+00, -4.30246726e-01,        -4.43070562e+00, -8.68020877e-01, -2.98270992e+00,         3.32292988e+00, -2.02668618e+00, -4.72393988e+00,         9.34324495e-01,  3.43840429e+00, -1.20725317e+00,         2.49858311e+00,  8.11409977e-01,  4.09518050e-01,         4.59434321e+00,  3.03960891e+00, -4.67676933e+00,         2.17809470e+00, -5.50905839e-01,  3.90047322e+00,        -3.07348618e+00, -2.32927980e+00, -4.18526035e+00,        -7.13811713e-01, -3.90981236e+00,  2.02860494e+00,         3.02963237e+00,  1.96800496e+00,  2.66211381e+00,        -1.57545880e+00,  3.45851483e+00, -7.12312250e-01,         2.13868455e+00,  1.26496159e+00, -3.56576951e+00,        -4.22253099e+00, -4.81667357e+00, -4.42180355e+00,        -4.14161863e-01, -3.82442405e+00, -4.72399069e+00,         2.54861481e+00, -1.05149520e+00,  2.63650995e+00,        -4.75951733e-01, -1.12577562e+00, -2.19274933e-01],       [-6.98442195e-01,  2.87982194e+00, -9.76074801e-01,         4.04686160e+00, -4.69885824e+00,  2.36520015e+00,        -2.28099118e+00,  1.18513567e+00, -4.89635739e+00,         3.86272826e-01, -4.96982043e+00,  4.46846336e+00,         4.05402034e+00,  3.25182380e+00,  4.15274320e+00,        -3.54441769e+00, -3.42269930e+00, -3.12368327e+00,         1.33436311e+00,  3.66670731e+00,  4.29880153e+00,         1.18692286e+00,  2.31800409e+00,  4.09293205e+00,        -9.91262676e-01, -2.50149320e+00, -1.70665407e+00,        -3.80542950e+00,  3.12610588e+00, -3.53207627e+00,        -2.35702517e+00,  3.19089179e+00, -1.89412748e+00,         3.51102458e+00, -2.33361298e+00,  3.36533450e-01,        -1.88100493e+00,  4.10772831e+00, -1.82365296e+00,        -6.64076727e-01,  1.46115278e-01,  4.32722014e+00,        -4.69050994e+00,  2.16878664e+00,  3.98216199e+00,        -4.72712776e+00, -5.06324761e-01, -1.74010188e+00],       [ 2.79981513e+00,  4.79596418e-01,  1.90227868e+00,        -4.71465000e-01,  1.05362658e-01, -2.23905903e+00,        -3.24938888e+00,  7.67559350e-01, -1.88555786e+00,         1.72675985e-01,  4.16405853e+00, -7.54744226e-01,        -2.52603963e+00, -3.86819626e-01,  4.31861117e+00,         4.36868381e+00,  3.44329949e+00,  4.20206514e+00,        -2.49723566e+00, -4.16297775e+00, -2.86484462e+00,        -2.26485383e+00, -3.25234124e+00,  1.07094162e+00,        -8.64135850e-01,  3.16351512e+00, -1.61172031e+00,         2.01876530e+00, -2.59644375e+00,  7.42190888e-01,        -1.51012403e+00, -4.43035601e+00, -2.71186329e+00,         7.53351773e-01, -2.74990664e-02,  1.90159841e-01,        -3.26706374e+00,  7.07158515e-01,  3.63723206e+00,         3.16835109e+00,  9.63012050e-01,  4.69581000e+00,         4.01562585e+00,  9.56079336e-01, -4.03673893e+00,        -4.06422904e+00, -4.43729805e+00, -4.82668513e-01],       [-1.59295093e+00,  4.56914266e+00, -3.32016707e+00,         4.72787592e+00,  1.23616294e+00,  2.84452504e+00,         1.94070495e+00,  1.68732770e+00, -2.31176665e-01,        -4.86863643e+00, -1.46993914e+00, -1.01772220e-01,         2.30091211e+00,  4.47153065e-01, -4.25950839e-01,        -3.62337259e+00, -4.89111266e+00,  2.58278260e+00,        -1.60338783e+00,  4.41849614e+00, -2.93130598e+00,        -2.05316518e+00,  2.38961357e-01,  2.54891457e+00,        -3.61422161e-01, -3.75177457e+00, -5.78252754e-01,         4.51916970e-02,  1.73849008e+00,  2.70149956e+00,        -3.69664219e+00, -4.77084869e+00,  1.90823222e-01,         2.01721436e+00, -4.87396233e+00,  1.72469845e+00,         1.81200698e+00, -5.07532464e-01,  2.92697770e+00,         1.44361085e+00, -4.90030512e+00, -1.87521747e-01,         3.59317806e+00,  3.30399570e+00,  1.72324495e+00,         1.73698424e+00, -2.04328578e-02, -2.25880225e+00],       [ 8.67767560e-02,  1.59032954e+00, -1.47570370e+00,         3.55828367e+00, -3.41521124e+00,  2.11248202e+00,        -9.15646084e-01,  2.73799287e+00, -7.22626707e-01,         3.07698409e+00, -1.46465137e+00, -2.87283451e+00,         2.67284508e+00, -9.23626800e-01,  2.33245068e+00,         2.44473153e+00, -2.78603299e+00, -2.85887863e+00,        -2.77836867e+00, -3.63639681e+00, -1.45800504e+00,        -4.76833151e+00, -3.89079631e+00,  1.74564024e+00,         2.99776537e+00, -4.19470473e+00, -1.23384334e+00,        -2.92374338e+00,  4.17333563e+00,  2.11314518e+00,         5.38846111e-01, -1.95482012e+00,  3.34854048e+00,        -1.22879285e+00,  4.23456215e+00,  2.06051804e+00,        -2.58716362e-01, -3.73789896e+00,  3.45777344e+00,        -3.40166350e+00, -2.93606596e+00, -7.16492624e-01,        -9.57980942e-01, -3.53248519e+00,  2.47195038e+00,        -3.11254933e+00,  5.42478690e-01,  2.54305951e+00],       [-3.08761591e+00,  8.95951946e-01,  2.48928375e+00,         1.38218711e+00, -1.48006391e-01, -2.18780420e+00,         2.76502356e+00,  4.45308440e+00, -7.44386097e-01,         2.82181817e+00, -4.43858960e+00,  3.31453978e+00,        -3.07749983e+00, -1.82872155e-01, -1.99918954e+00,        -4.19896356e+00,  4.04631003e+00, -1.29845822e+00,         4.42982489e-01, -2.72338088e-01, -3.75859003e+00,        -3.20380397e+00, -4.23811191e+00,  7.92169995e-02,        -2.38450448e+00, -1.42938391e+00, -2.23701384e+00,         2.87551840e+00, -3.93416123e+00,  4.85708824e+00,        -3.22838836e+00,  7.24051124e-01, -4.55154665e+00,         1.81906260e+00, -3.10394052e+00,  2.79039784e-01,         2.34035091e+00, -3.50068515e+00, -2.24628592e-01,        -2.83382792e+00,  2.60340967e+00,  2.18168737e+00,        -3.23450966e+00,  3.61966558e+00, -4.15489616e+00,         3.60236997e+00, -1.89107908e-01, -9.67795279e-01],       [ 1.88558385e+00,  2.03377829e+00,  4.87326175e+00,        -2.21914951e+00, -4.96917429e+00,  3.88823838e+00,         3.81667555e+00,  2.28850878e+00,  1.66887829e-01,         2.06956245e+00,  2.80529557e+00, -1.26837434e+00,         2.70322525e+00,  2.86332355e+00,  1.13211212e+00,        -9.81340760e-01,  1.97308019e+00, -4.96887142e+00,         2.81420344e+00,  3.57683691e+00, -2.75207068e+00,        -3.94929875e+00, -2.79716012e+00, -1.97903269e+00,         3.83028509e+00,  4.31664302e-01, -7.87506448e-01,        -3.61645310e+00, -2.09855537e+00,  1.13871090e+00,        -1.75861470e+00, -4.26398183e-01, -5.58828930e-01,         2.17442511e+00, -7.36518458e-01, -1.54301179e+00,         1.69460718e+00, -2.78517944e+00, -9.51144478e-01,        -1.85234313e+00,  1.28629741e+00,  3.71599974e+00,        -5.23109999e-01,  2.84457419e+00, -7.17163192e-02,         1.56229332e+00, -3.86514872e+00, -6.70184930e-01],       [ 3.25195291e+00,  9.40344220e-01,  2.66774587e+00,         4.70060810e-02, -9.53019236e-01,  3.02213704e+00,        -2.76259231e+00,  7.32722715e-01,  4.42762575e+00,         1.78600482e-01, -3.05534190e+00,  3.44063869e+00,        -2.48360858e+00,  2.43578994e+00,  4.02609404e-01,         4.48836288e+00,  1.24336702e+00,  3.37977962e+00,        -4.63316126e+00,  4.46592052e+00, -4.27001507e+00,        -2.19740190e+00,  4.46152395e+00, -4.91060898e+00,         3.22730005e+00,  3.61211638e+00,  4.54877719e-01,        -2.44254806e+00,  3.02689520e+00, -2.21379956e-01,        -3.65661391e+00,  4.27848993e+00,  3.95969967e+00,        -7.41573138e-01,  3.56702497e+00, -8.14219742e-01,         1.77884669e+00, -1.02009361e+00, -6.17560917e-01,        -3.10448297e+00,  4.65155387e+00, -2.07716049e+00,        -3.96540444e+00, -3.55684600e+00, -4.20797122e+00,         2.15945699e+00, -1.40951894e-01,  2.94578351e+00],       [-3.98279466e-01,  2.76854280e+00,  1.95764214e+00,         2.77848477e+00, -1.69709914e+00,  1.16503236e+00,        -1.83004703e+00, -1.78180037e+00, -3.27395380e+00,        -9.13627750e-01, -2.58581252e+00, -9.49378505e-01,         4.75222342e+00, -8.23573824e-01,  4.82490945e+00,         1.36306126e+00, -1.24908982e+00,  3.57484499e+00,         1.30611458e+00, -2.58856918e+00,  2.44741555e+00,        -1.23333911e+00, -1.42488833e+00, -1.69723063e+00,         1.97368876e+00, -2.31349876e+00,  3.44439877e+00,        -2.04711206e+00,  4.41213836e-01, -1.20785082e-01,         3.55356413e+00,  3.88386434e+00, -3.15615558e+00,         7.10776026e-02,  3.98205046e+00, -5.38827810e-01,         4.14341601e+00, -2.21009110e+00,  2.75744234e-01,         1.82453710e+00, -2.68124722e+00, -4.86322881e+00,        -8.32760376e-01,  4.38481892e+00, -1.13584641e+00,         2.79744295e+00, -3.49591731e+00, -1.58047164e+00],       [-3.68778417e+00,  2.03222631e+00,  1.99307624e+00,         1.88497318e+00, -2.94101537e+00,  1.58940424e+00,        -1.43447628e+00, -7.53508841e-01, -1.28077878e+00,        -1.44692088e+00, -4.42345193e+00,  1.28759674e+00,         2.07316603e+00,  1.68918825e+00,  1.48312756e+00,        -3.30059286e+00, -3.50553201e+00,  1.41750435e-01,         3.78945696e+00, -3.23994930e+00, -6.52480839e-01,        -1.26819371e+00, -2.71081408e-02, -3.38489230e+00,        -1.57559359e+00, -2.38119596e+00,  3.73851673e+00,         3.00332246e+00, -7.33608417e-01,  1.07015461e+00,        -3.54534390e+00,  9.61329422e-02, -2.03052914e+00,         2.44745567e+00,  1.71598381e+00,  1.33474013e+00,        -3.76267247e+00, -2.94121205e-01,  3.54901305e+00,         4.48299174e+00,  1.46773103e+00, -3.49271312e+00,         1.39126849e+00,  6.56621125e-01,  3.75581342e-02,        -7.19625305e-01,  1.58351171e-01,  3.49969889e+00],       [ 1.99460124e+00,  7.93605403e-01,  4.24704182e+00,        -4.35260017e+00,  4.91346509e+00, -4.47005457e+00,        -3.00504454e+00, -7.72473384e-01, -3.92491124e+00,         1.23670411e+00, -4.58838947e+00, -2.15376119e+00,        -4.38963319e+00,  2.03519331e+00,  1.68456168e+00,        -1.32799269e+00, -3.21319562e+00,  2.47004829e+00,        -1.07546493e+00,  2.76217971e+00, -1.20990608e-01,         2.56694444e-01, -4.71509151e+00,  1.19436026e+00,        -1.49343498e+00, -2.70794973e+00, -2.43079638e-01,        -1.17327370e+00, -3.02109599e-01,  4.79483354e+00,        -1.55493065e+00,  2.74410133e+00,  5.27675965e-01,         3.89131089e+00, -1.45047149e+00, -2.54481320e+00,         3.41538310e+00, -4.56465736e+00,  4.53457129e+00,         1.22191404e+00, -1.23636783e+00,  4.46024789e+00,        -4.41637354e+00,  1.67063598e-01, -4.68902925e+00,         7.11757392e-01, -3.19531491e+00,  1.49400128e+00],       [ 4.13457298e+00,  3.74902551e+00, -4.81637506e-01,         2.08460870e+00,  2.77468750e+00, -5.15691582e-02,         2.85334902e-01, -3.49215602e+00, -1.30600074e+00,        -3.57778747e+00,  1.23423922e+00, -2.29870056e-01,        -5.11211633e-01,  3.85997971e+00,  2.76187723e-01,        -1.03206146e+00, -2.44701330e+00, -4.27987965e+00,        -3.59282183e-01, -4.74864471e+00, -2.08846059e+00,         3.50950985e-02,  4.65933065e+00, -3.94827150e+00,         1.73041054e+00, -6.76289008e-04,  2.93559898e+00,        -3.56108469e+00, -4.16797364e+00, -1.00781395e+00,         2.53500402e+00, -3.08324261e+00,  2.67777192e+00,        -2.09702003e+00, -2.83108512e+00, -4.83284411e+00,        -1.31745569e+00, -1.18918509e+00,  1.78047344e+00,        -2.91299566e+00, -3.47396013e+00, -4.84240833e+00,        -3.86203644e+00,  1.51789276e+00, -9.73431478e-01,        -1.78973686e+00,  5.79119942e-01,  4.93787243e+00],       [ 2.77091852e+00,  1.99623182e+00,  4.18258589e+00,        -4.60271293e+00, -4.29666558e+00, -2.59937100e-01,        -1.50832587e+00,  4.37252062e+00, -1.04350389e-01,         3.96491101e-01,  2.67824356e+00, -5.33649542e-01,         3.77034389e+00, -2.46418251e+00, -2.26190296e+00,        -1.81508919e+00,  1.98831438e-01, -2.79871326e+00,         1.97368424e+00, -3.60633032e+00, -4.05899726e+00,         3.70191746e+00, -2.63131296e+00, -1.28852986e+00,         7.15420927e-01,  2.58019700e-01, -3.55738938e+00,         3.74167757e+00,  4.51135618e+00,  3.12507304e+00,        -2.31675125e+00,  2.78467961e-01, -1.60583276e+00,         5.46673108e-01,  4.74403469e+00, -1.88297082e+00,         1.17789330e+00, -1.74032793e+00,  2.86858758e+00,        -7.42082083e-01,  3.89827341e+00,  2.14670096e+00,         2.62632095e+00, -3.05209714e-01, -2.89235498e+00,        -4.58524920e+00, -1.78171200e+00, -4.14771963e+00]])
all_costs=array([ 503.98264686,  383.37537661,  161.55144812,  392.30128443,       1316.78998909,  270.63084819,  536.55718938, 1380.34086223,        335.6928447 ,  190.49422264,  879.12750569,  409.87936615,        201.39062678,  261.71033329, 1483.02400014,  163.60891471,        134.63981135,  356.83401423,  189.7247566 , 2188.11514264])
all_uncers=array([0., 0., 0., 0., 0., 0., 0., 0., 0., 0., 0., 0., 0., 0., 0., 0., 0.,       0., 0., 0.])
best_cost=134.63981134756673
best_params=array([-3.68778417,  2.03222631,  1.99307624,  1.88497318, -2.94101537,        1.58940424, -1.43447628, -0.75350884, -1.28077878, -1.44692088,       -4.42345193,  1.28759674,  2.07316603,  1.68918825,  1.48312756,       -3.30059286, -3.50553201,  0.14175044,  3.78945696, -3.2399493 ,       -0.65248084, -1.26819371, -0.02710814, -3.3848923 , -1.57559359,       -2.38119596,  3.73851673,  3.00332246, -0.73360842,  1.07015461,       -3.5453439 ,  0.09613294, -2.03052914,  2.44745567,  1.71598381,        1.33474013, -3.76267247, -0.29412121,  3.54901305,  4.48299174,        1.46773103, -3.49271312,  1.39126849,  0.65662113,  0.03755813,       -0.71962531,  0.15835117,  3.49969889])
best_index=16
worst_cost=2188.1151426365077
worst_index=19
cost_range=2053.475331288941
costs_count=20
params_count=0
length_scale=1
noise_level=1
cost_scaler_init_index=None
net_0={'last_hyperfit': 0, 'last_net_reg': 1e-08, 'losses_list': [1.1449931, 0.044765446, 0.015584596, 0.0027437694, 0.00036140598, 0.00063958415, 0.00016777751, 8.6234744e-05, 0.00016538722, 0.000106956366, 3.7131776e-05, 2.7660424e-05, 0.00020066032, 0.0004616933, 0.00014117766, 0.00052882655, 0.0014860749, 0.0015900452, 0.0031697971, 0.0017615149], 'scaler_samples': (array([[-3.69971428e+00, -4.80633042e+00,  1.78835533e+00,        -2.88371884e+00, -2.34453341e+00, -8.42684072e-02,        -4.46637455e+00,  7.41176055e-01, -3.53271425e+00,         8.93055369e-01,  1.99758360e+00, -3.97665571e+00,        -8.59440122e-01,  1.94400158e+00, -8.58207305e-01,        -4.50046541e+00,  3.58964059e-01,  1.63794645e+00,         1.48891121e-01,  4.44594756e+00,  8.65550405e-01,         4.03401915e+00, -3.62525296e+00, -3.60723653e+00,         3.07391289e+00, -1.02323163e+00, -3.34645803e+00,         4.27508580e+00, -1.52234140e+00,  2.50812103e+00,         2.25997985e+00,  3.83306091e+00,  1.23672207e+00,         2.50942434e+00, -1.51101658e+00, -2.30072108e+00,         3.95886218e+00, -7.19088101e-01,  4.64840047e+00,         1.63441498e+00,  1.21695720e+00, -3.85254027e+00,         4.49489259e+00, -5.00878665e-01,  7.83896144e-01,        -9.18631972e-01, -2.62973020e+00,  4.03379521e+00],       [ 3.35383138e-01, -4.97648149e+00,  1.17144914e+00,        -1.73355098e+00,  2.70581023e-01,  3.85942099e+00,        -1.95119368e+00,  4.08535151e+00,  9.01528341e-01,        -4.84178757e+00,  4.29437234e+00,  1.23420075e+00,         4.97322850e+00, -3.27659492e+00, -3.62864250e+00,         2.92662740e+00,  1.96818161e+00, -4.33999827e+00,         2.55463053e+00,  2.89464401e+00,  4.23024536e+00,         2.41353651e+00, -3.83499117e+00, -4.81327061e+00,        -4.66591457e+00, -4.71693512e+00, -2.62319113e+00,         3.77875586e+00,  3.88310643e-01,  5.28219787e-01,         3.42030892e+00, -3.02864987e+00, -2.20816321e+00,         8.57592715e-01,  4.69595748e+00,  6.10302193e-01,        -3.87254510e+00,  3.00632673e+00, -1.40589169e+00,         3.07105196e+00, -1.12139356e+00,  2.89921434e+00,         2.84924241e+00,  5.62402340e-01, -3.63544774e+00,        -4.40082310e+00, -3.78656544e+00, -3.56674353e+00],       [-3.92505871e+00, -3.18901694e+00,  2.12988980e+00,         5.97169821e-01, -4.87444020e+00, -3.48269242e+00,         4.67276330e+00,  1.14976743e+00, -2.96706765e+00,        -2.94147297e+00,  2.76984327e+00, -3.04570519e+00,         1.63966377e+00,  4.43189729e+00,  2.93593544e+00,        -2.60152241e+00, -6.23028573e-02,  3.68817592e-01,         3.28980900e+00, -3.43208605e+00, -3.60684591e+00,        -4.29977856e+00, -5.42642762e-01, -3.61447733e-02,        -2.59143529e-01, -2.37126657e+00,  4.88616154e+00,         1.12472807e+00, -1.19858827e+00,  5.09482191e-01,         2.56038252e+00,  1.67315550e+00, -2.35080442e+00,        -4.33665166e+00, -2.30847603e-01,  1.29717507e+00,        -3.08164620e+00,  2.52911979e+00, -4.33463519e+00,        -2.34429296e+00,  3.04754564e+00, -3.06565717e+00,         1.39460881e+00,  2.46703091e-01,  3.66041257e+00,        -2.73586449e+00, -4.39227181e+00,  1.93406576e+00],       [ 2.00747028e+00,  3.90656595e+00,  4.31972069e+00,        -4.86048427e+00, -3.09567685e+00,  8.70069334e-01,         4.57544683e+00,  4.50176119e+00,  5.66531882e-01,         4.15606350e+00,  1.41566209e+00, -1.11774823e+00,        -1.40093329e-01,  1.60969158e+00,  4.95479215e-01,         4.26181427e+00,  4.18733436e+00, -1.05124387e+00,         4.64327213e+00, -3.33560715e+00, -3.81336736e+00,        -3.82478141e+00,  5.66216568e-02, -4.78475195e+00,         4.47970211e+00,  3.27115471e+00, -2.99197687e+00,        -3.23803744e+00, -1.67936426e+00, -3.69003155e+00,         3.09490692e+00, -1.55263347e+00,  4.40107482e+00,         4.21915822e-02,  3.78831984e+00,  3.44734445e+00,         3.98000134e+00, -4.01197342e-01, -2.65705524e-01,         2.98603591e+00, -2.10885053e+00, -1.29653435e-01,         9.91103076e-01, -4.84466724e+00,  1.20328407e+00,        -6.63236510e-01,  1.94953999e+00, -1.84755197e+00],       [ 3.10291261e+00,  6.69347348e-01, -3.15989798e+00,         2.87929234e+00, -2.69040705e-02, -4.48692888e+00,         1.71815533e-01,  1.79068837e+00,  4.18601778e+00,        -4.99597975e+00,  4.76759149e+00, -1.25140853e+00,         4.73783538e+00,  1.61316695e+00,  3.28845808e+00,         7.47115047e-01,  1.28076198e+00, -2.14423718e+00,         9.88072821e-01,  2.17614369e+00,  3.06227412e+00,         1.56938224e+00,  1.98057248e+00,  3.64479430e+00,        -1.77319003e+00,  1.70788791e+00,  5.44479828e-01,        -1.17897248e+00, -8.91886501e-01, -9.85204165e-01,        -1.82616054e+00,  1.21919368e+00, -6.97527292e-01,         3.43638662e+00,  1.77800891e+00, -3.01430112e+00,        -7.67828424e-01, -1.56653760e+00,  1.91183123e+00,         3.79998289e+00,  4.04299145e+00,  1.58368581e+00,        -2.29791738e+00, -2.47633298e+00,  3.64480665e+00,         2.77146463e-01,  1.90478458e+00,  7.24885172e-01],       [ 1.65322537e+00,  9.20142832e-02,  2.70883911e+00,         6.88579907e-01, -1.21584653e+00, -1.73852426e+00,        -2.75924131e+00, -1.22075821e+00, -4.20373922e+00,         4.82817114e+00, -3.18387149e+00,  3.08148082e+00,         3.74961645e+00,  2.33029274e+00,  6.94944127e-01,        -3.39028563e+00, -3.31199772e-01, -1.54827949e+00,        -2.52501003e+00,  6.69102573e-01, -2.06680130e+00,         2.97206122e+00,  4.09635525e+00, -2.42881706e+00,        -3.89108699e+00, -3.07037268e+00,  9.39706800e-01,         2.28585668e+00, -2.91805562e+00, -2.51966442e+00,         3.51671875e+00, -8.41512817e-01,  1.16685067e+00,        -2.97566884e+00, -3.98032741e+00,  1.58570170e-01,        -2.67546880e-01, -3.47328356e+00,  3.88177841e-01,         4.40101188e-01,  1.55781773e+00, -3.56403505e+00,         2.51527817e+00, -2.77950860e+00,  5.10944339e-01,         2.85296028e+00, -4.80778575e+00, -1.75637540e+00],       [ 2.92171932e+00,  3.28743165e+00,  3.84405926e-01,         3.66608274e+00,  2.71770538e+00,  2.86516959e+00,         3.78518477e+00, -4.01256598e+00,  1.51304332e+00,         2.03516988e+00,  1.10240813e+00,  2.95960605e+00,        -4.65428780e+00,  3.03138188e+00,  2.31728601e+00,        -2.40301607e+00, -2.42930701e+00,  1.32303317e+00,        -1.35728670e+00,  2.62169192e+00, -8.09279696e-01,         1.81009324e+00,  4.90471784e+00, -1.99751660e+00,        -3.56994172e+00,  4.01308436e+00,  1.28028686e+00,         4.74740371e+00,  1.36604400e+00,  4.93913025e+00,         4.60708041e-01,  2.64259339e-01, -3.64572097e+00,        -1.91840220e+00, -4.73781433e+00, -3.39604820e+00,         2.39549348e+00, -4.69600310e+00, -1.82377034e+00,         3.62346253e+00,  1.94138901e+00,  1.86405611e+00,        -3.11363199e+00, -5.80957193e-01,  1.09210561e+00,         4.89751708e+00, -3.24483064e+00, -2.52267098e+00],       [-2.62079466e+00,  2.35992884e+00, -4.30246726e-01,        -4.43070562e+00, -8.68020877e-01, -2.98270992e+00,         3.32292988e+00, -2.02668618e+00, -4.72393988e+00,         9.34324495e-01,  3.43840429e+00, -1.20725317e+00,         2.49858311e+00,  8.11409977e-01,  4.09518050e-01,         4.59434321e+00,  3.03960891e+00, -4.67676933e+00,         2.17809470e+00, -5.50905839e-01,  3.90047322e+00,        -3.07348618e+00, -2.32927980e+00, -4.18526035e+00,        -7.13811713e-01, -3.90981236e+00,  2.02860494e+00,         3.02963237e+00,  1.96800496e+00,  2.66211381e+00,        -1.57545880e+00,  3.45851483e+00, -7.12312250e-01,         2.13868455e+00,  1.26496159e+00, -3.56576951e+00,        -4.22253099e+00, -4.81667357e+00, -4.42180355e+00,        -4.14161863e-01, -3.82442405e+00, -4.72399069e+00,         2.54861481e+00, -1.05149520e+00,  2.63650995e+00,        -4.75951733e-01, -1.12577562e+00, -2.19274933e-01],       [-6.98442195e-01,  2.87982194e+00, -9.76074801e-01,         4.04686160e+00, -4.69885824e+00,  2.36520015e+00,        -2.28099118e+00,  1.18513567e+00, -4.89635739e+00,         3.86272826e-01, -4.96982043e+00,  4.46846336e+00,         4.05402034e+00,  3.25182380e+00,  4.15274320e+00,        -3.54441769e+00, -3.42269930e+00, -3.12368327e+00,         1.33436311e+00,  3.66670731e+00,  4.29880153e+00,         1.18692286e+00,  2.31800409e+00,  4.09293205e+00,        -9.91262676e-01, -2.50149320e+00, -1.70665407e+00,        -3.80542950e+00,  3.12610588e+00, -3.53207627e+00,        -2.35702517e+00,  3.19089179e+00, -1.89412748e+00,         3.51102458e+00, -2.33361298e+00,  3.36533450e-01,        -1.88100493e+00,  4.10772831e+00, -1.82365296e+00,        -6.64076727e-01,  1.46115278e-01,  4.32722014e+00,        -4.69050994e+00,  2.16878664e+00,  3.98216199e+00,        -4.72712776e+00, -5.06324761e-01, -1.74010188e+00],       [ 2.79981513e+00,  4.79596418e-01,  1.90227868e+00,        -4.71465000e-01,  1.05362658e-01, -2.23905903e+00,        -3.24938888e+00,  7.67559350e-01, -1.88555786e+00,         1.72675985e-01,  4.16405853e+00, -7.54744226e-01,        -2.52603963e+00, -3.86819626e-01,  4.31861117e+00,         4.36868381e+00,  3.44329949e+00,  4.20206514e+00,        -2.49723566e+00, -4.16297775e+00, -2.86484462e+00,        -2.26485383e+00, -3.25234124e+00,  1.07094162e+00,        -8.64135850e-01,  3.16351512e+00, -1.61172031e+00,         2.01876530e+00, -2.59644375e+00,  7.42190888e-01,        -1.51012403e+00, -4.43035601e+00, -2.71186329e+00,         7.53351773e-01, -2.74990664e-02,  1.90159841e-01,        -3.26706374e+00,  7.07158515e-01,  3.63723206e+00,         3.16835109e+00,  9.63012050e-01,  4.69581000e+00,         4.01562585e+00,  9.56079336e-01, -4.03673893e+00,        -4.06422904e+00, -4.43729805e+00, -4.82668513e-01],       [-1.59295093e+00,  4.56914266e+00, -3.32016707e+00,         4.72787592e+00,  1.23616294e+00,  2.84452504e+00,         1.94070495e+00,  1.68732770e+00, -2.31176665e-01,        -4.86863643e+00, -1.46993914e+00, -1.01772220e-01,         2.30091211e+00,  4.47153065e-01, -4.25950839e-01,        -3.62337259e+00, -4.89111266e+00,  2.58278260e+00,        -1.60338783e+00,  4.41849614e+00, -2.93130598e+00,        -2.05316518e+00,  2.38961357e-01,  2.54891457e+00,        -3.61422161e-01, -3.75177457e+00, -5.78252754e-01,         4.51916970e-02,  1.73849008e+00,  2.70149956e+00,        -3.69664219e+00, -4.77084869e+00,  1.90823222e-01,         2.01721436e+00, -4.87396233e+00,  1.72469845e+00,         1.81200698e+00, -5.07532464e-01,  2.92697770e+00,         1.44361085e+00, -4.90030512e+00, -1.87521747e-01,         3.59317806e+00,  3.30399570e+00,  1.72324495e+00,         1.73698424e+00, -2.04328578e-02, -2.25880225e+00],       [ 8.67767560e-02,  1.59032954e+00, -1.47570370e+00,         3.55828367e+00, -3.41521124e+00,  2.11248202e+00,        -9.15646084e-01,  2.73799287e+00, -7.22626707e-01,         3.07698409e+00, -1.46465137e+00, -2.87283451e+00,         2.67284508e+00, -9.23626800e-01,  2.33245068e+00,         2.44473153e+00, -2.78603299e+00, -2.85887863e+00,        -2.77836867e+00, -3.63639681e+00, -1.45800504e+00,        -4.76833151e+00, -3.89079631e+00,  1.74564024e+00,         2.99776537e+00, -4.19470473e+00, -1.23384334e+00,        -2.92374338e+00,  4.17333563e+00,  2.11314518e+00,         5.38846111e-01, -1.95482012e+00,  3.34854048e+00,        -1.22879285e+00,  4.23456215e+00,  2.06051804e+00,        -2.58716362e-01, -3.73789896e+00,  3.45777344e+00,        -3.40166350e+00, -2.93606596e+00, -7.16492624e-01,        -9.57980942e-01, -3.53248519e+00,  2.47195038e+00,        -3.11254933e+00,  5.42478690e-01,  2.54305951e+00],       [-3.08761591e+00,  8.95951946e-01,  2.48928375e+00,         1.38218711e+00, -1.48006391e-01, -2.18780420e+00,         2.76502356e+00,  4.45308440e+00, -7.44386097e-01,         2.82181817e+00, -4.43858960e+00,  3.31453978e+00,        -3.07749983e+00, -1.82872155e-01, -1.99918954e+00,        -4.19896356e+00,  4.04631003e+00, -1.29845822e+00,         4.42982489e-01, -2.72338088e-01, -3.75859003e+00,        -3.20380397e+00, -4.23811191e+00,  7.92169995e-02,        -2.38450448e+00, -1.42938391e+00, -2.23701384e+00,         2.87551840e+00, -3.93416123e+00,  4.85708824e+00,        -3.22838836e+00,  7.24051124e-01, -4.55154665e+00,         1.81906260e+00, -3.10394052e+00,  2.79039784e-01,         2.34035091e+00, -3.50068515e+00, -2.24628592e-01,        -2.83382792e+00,  2.60340967e+00,  2.18168737e+00,        -3.23450966e+00,  3.61966558e+00, -4.15489616e+00,         3.60236997e+00, -1.89107908e-01, -9.67795279e-01],       [ 1.88558385e+00,  2.03377829e+00,  4.87326175e+00,        -2.21914951e+00, -4.96917429e+00,  3.88823838e+00,         3.81667555e+00,  2.28850878e+00,  1.66887829e-01,         2.06956245e+00,  2.80529557e+00, -1.26837434e+00,         2.70322525e+00,  2.86332355e+00,  1.13211212e+00,        -9.81340760e-01,  1.97308019e+00, -4.96887142e+00,         2.81420344e+00,  3.57683691e+00, -2.75207068e+00,        -3.94929875e+00, -2.79716012e+00, -1.97903269e+00,         3.83028509e+00,  4.31664302e-01, -7.87506448e-01,        -3.61645310e+00, -2.09855537e+00,  1.13871090e+00,        -1.75861470e+00, -4.26398183e-01, -5.58828930e-01,         2.17442511e+00, -7.36518458e-01, -1.54301179e+00,         1.69460718e+00, -2.78517944e+00, -9.51144478e-01,        -1.85234313e+00,  1.28629741e+00,  3.71599974e+00,        -5.23109999e-01,  2.84457419e+00, -7.17163192e-02,         1.56229332e+00, -3.86514872e+00, -6.70184930e-01],       [ 3.25195291e+00,  9.40344220e-01,  2.66774587e+00,         4.70060810e-02, -9.53019236e-01,  3.02213704e+00,        -2.76259231e+00,  7.32722715e-01,  4.42762575e+00,         1.78600482e-01, -3.05534190e+00,  3.44063869e+00,        -2.48360858e+00,  2.43578994e+00,  4.02609404e-01,         4.48836288e+00,  1.24336702e+00,  3.37977962e+00,        -4.63316126e+00,  4.46592052e+00, -4.27001507e+00,        -2.19740190e+00,  4.46152395e+00, -4.91060898e+00,         3.22730005e+00,  3.61211638e+00,  4.54877719e-01,        -2.44254806e+00,  3.02689520e+00, -2.21379956e-01,        -3.65661391e+00,  4.27848993e+00,  3.95969967e+00,        -7.41573138e-01,  3.56702497e+00, -8.14219742e-01,         1.77884669e+00, -1.02009361e+00, -6.17560917e-01,        -3.10448297e+00,  4.65155387e+00, -2.07716049e+00,        -3.96540444e+00, -3.55684600e+00, -4.20797122e+00,         2.15945699e+00, -1.40951894e-01,  2.94578351e+00],       [-3.98279466e-01,  2.76854280e+00,  1.95764214e+00,         2.77848477e+00, -1.69709914e+00,  1.16503236e+00,        -1.83004703e+00, -1.78180037e+00, -3.27395380e+00,        -9.13627750e-01, -2.58581252e+00, -9.49378505e-01,         4.75222342e+00, -8.23573824e-01,  4.82490945e+00,         1.36306126e+00, -1.24908982e+00,  3.57484499e+00,         1.30611458e+00, -2.58856918e+00,  2.44741555e+00,        -1.23333911e+00, -1.42488833e+00, -1.69723063e+00,         1.97368876e+00, -2.31349876e+00,  3.44439877e+00,        -2.04711206e+00,  4.41213836e-01, -1.20785082e-01,         3.55356413e+00,  3.88386434e+00, -3.15615558e+00,         7.10776026e-02,  3.98205046e+00, -5.38827810e-01,         4.14341601e+00, -2.21009110e+00,  2.75744234e-01,         1.82453710e+00, -2.68124722e+00, -4.86322881e+00,        -8.32760376e-01,  4.38481892e+00, -1.13584641e+00,         2.79744295e+00, -3.49591731e+00, -1.58047164e+00],       [-3.68778417e+00,  2.03222631e+00,  1.99307624e+00,         1.88497318e+00, -2.94101537e+00,  1.58940424e+00,        -1.43447628e+00, -7.53508841e-01, -1.28077878e+00,        -1.44692088e+00, -4.42345193e+00,  1.28759674e+00,         2.07316603e+00,  1.68918825e+00,  1.48312756e+00,        -3.30059286e+00, -3.50553201e+00,  1.41750435e-01,         3.78945696e+00, -3.23994930e+00, -6.52480839e-01,        -1.26819371e+00, -2.71081408e-02, -3.38489230e+00,        -1.57559359e+00, -2.38119596e+00,  3.73851673e+00,         3.00332246e+00, -7.33608417e-01,  1.07015461e+00,        -3.54534390e+00,  9.61329422e-02, -2.03052914e+00,         2.44745567e+00,  1.71598381e+00,  1.33474013e+00,        -3.76267247e+00, -2.94121205e-01,  3.54901305e+00,         4.48299174e+00,  1.46773103e+00, -3.49271312e+00,         1.39126849e+00,  6.56621125e-01,  3.75581342e-02,        -7.19625305e-01,  1.58351171e-01,  3.49969889e+00],       [ 1.99460124e+00,  7.93605403e-01,  4.24704182e+00,        -4.35260017e+00,  4.91346509e+00, -4.47005457e+00,        -3.00504454e+00, -7.72473384e-01, -3.92491124e+00,         1.23670411e+00, -4.58838947e+00, -2.15376119e+00,        -4.38963319e+00,  2.03519331e+00,  1.68456168e+00,        -1.32799269e+00, -3.21319562e+00,  2.47004829e+00,        -1.07546493e+00,  2.76217971e+00, -1.20990608e-01,         2.56694444e-01, -4.71509151e+00,  1.19436026e+00,        -1.49343498e+00, -2.70794973e+00, -2.43079638e-01,        -1.17327370e+00, -3.02109599e-01,  4.79483354e+00,        -1.55493065e+00,  2.74410133e+00,  5.27675965e-01,         3.89131089e+00, -1.45047149e+00, -2.54481320e+00,         3.41538310e+00, -4.56465736e+00,  4.53457129e+00,         1.22191404e+00, -1.23636783e+00,  4.46024789e+00,        -4.41637354e+00,  1.67063598e-01, -4.68902925e+00,         7.11757392e-01, -3.19531491e+00,  1.49400128e+00],       [ 4.13457298e+00,  3.74902551e+00, -4.81637506e-01,         2.08460870e+00,  2.77468750e+00, -5.15691582e-02,         2.85334902e-01, -3.49215602e+00, -1.30600074e+00,        -3.57778747e+00,  1.23423922e+00, -2.29870056e-01,        -5.11211633e-01,  3.85997971e+00,  2.76187723e-01,        -1.03206146e+00, -2.44701330e+00, -4.27987965e+00,        -3.59282183e-01, -4.74864471e+00, -2.08846059e+00,         3.50950985e-02,  4.65933065e+00, -3.94827150e+00,         1.73041054e+00, -6.76289008e-04,  2.93559898e+00,        -3.56108469e+00, -4.16797364e+00, -1.00781395e+00,         2.53500402e+00, -3.08324261e+00,  2.67777192e+00,        -2.09702003e+00, -2.83108512e+00, -4.83284411e+00,        -1.31745569e+00, -1.18918509e+00,  1.78047344e+00,        -2.91299566e+00, -3.47396013e+00, -4.84240833e+00,        -3.86203644e+00,  1.51789276e+00, -9.73431478e-01,        -1.78973686e+00,  5.79119942e-01,  4.93787243e+00],       [ 2.77091852e+00,  1.99623182e+00,  4.18258589e+00,        -4.60271293e+00, -4.29666558e+00, -2.59937100e-01,        -1.50832587e+00,  4.37252062e+00, -1.04350389e-01,         3.96491101e-01,  2.67824356e+00, -5.33649542e-01,         3.77034389e+00, -2.46418251e+00, -2.26190296e+00,        -1.81508919e+00,  1.98831438e-01, -2.79871326e+00,         1.97368424e+00, -3.60633032e+00, -4.05899726e+00,         3.70191746e+00, -2.63131296e+00, -1.28852986e+00,         7.15420927e-01,  2.58019700e-01, -3.55738938e+00,         3.74167757e+00,  4.51135618e+00,  3.12507304e+00,        -2.31675125e+00,  2.78467961e-01, -1.60583276e+00,         5.46673108e-01,  4.74403469e+00, -1.88297082e+00,         1.17789330e+00, -1.74032793e+00,  2.86858758e+00,        -7.42082083e-01,  3.89827341e+00,  2.14670096e+00,         2.62632095e+00, -3.05209714e-01, -2.89235498e+00,        -4.58524920e+00, -1.78171200e+00, -4.14771963e+00]]), array([ 503.98264686,  383.37537661,  161.55144812,  392.30128443,       1316.78998909,  270.63084819,  536.55718938, 1380.34086223,        335.6928447 ,  190.49422264,  879.12750569,  409.87936615,        201.39062678,  261.71033329, 1483.02400014,  163.60891471,        134.63981135,  356.83401423,  189.7247566 , 2188.11514264])), 'net': {'saver_path': './M-LOOP_archives/neural_net_archive_2020-01-29_13-42_rIANLJhE.ckpt'}}
net_1={'last_hyperfit': 0, 'last_net_reg': 1e-08, 'losses_list': [], 'scaler_samples': None, 'net': {'saver_path': './M-LOOP_archives/neural_net_archive_2020-01-29_13-42_vzHc0fWF.ckpt'}}
net_2={'last_hyperfit': 0, 'last_net_reg': 1e-08, 'losses_list': [], 'scaler_samples': None, 'net': {'saver_path': './M-LOOP_archives/neural_net_archive_2020-01-29_13-42_JOXRQWte.ckpt'}}
