archive_type='neural_net_learner'
num_params=48
min_boundary=array([-5., -5., -5., -5., -5., -5., -5., -5., -5., -5., -5., -5., -5.,       -5., -5., -5., -5., -5., -5., -5., -5., -5., -5., -5., -5., -5.,       -5., -5., -5., -5., -5., -5., -5., -5., -5., -5., -5., -5., -5.,       -5., -5., -5., -5., -5., -5., -5., -5., -5.])
max_boundary=array([5., 5., 5., 5., 5., 5., 5., 5., 5., 5., 5., 5., 5., 5., 5., 5., 5.,       5., 5., 5., 5., 5., 5., 5., 5., 5., 5., 5., 5., 5., 5., 5., 5., 5.,       5., 5., 5., 5., 5., 5., 5., 5., 5., 5., 5., 5., 5., 5.])
start_datetime='2020-01-29_13-43'
bad_run_indexs=[[]]
generation_num=3
search_precision=1e-06
parameter_searches=48
hyperparameter_searches=48
bad_uncer_frac=0.1
trust_region=array([1., 1., 1., 1., 1., 1., 1., 1., 1., 1., 1., 1., 1., 1., 1., 1., 1.,       1., 1., 1., 1., 1., 1., 1., 1., 1., 1., 1., 1., 1., 1., 1., 1., 1.,       1., 1., 1., 1., 1., 1., 1., 1., 1., 1., 1., 1., 1., 1.])
has_trust_region=True
predict_global_minima_at_end=True
predicted_best_parameters=array([-5.        , -4.37336164, -5.        ,  5.        , -0.70184395,       -3.96395578,  5.        , -5.        , -5.        , -5.        ,       -5.        ,  5.        ,  5.        , -5.        ,  5.        ,        4.68581263,  5.        ,  5.        ,  3.62786651,  5.        ,        5.        ,  5.        , -5.        , -5.        , -0.11738377,       -5.        ,  2.9436756 , -5.        , -3.32223785, -5.        ,       -5.        , -5.        , -0.69591117, -0.89851544,  4.5883028 ,        5.        , -5.        , -2.61624373, -5.        ,  0.65275228,       -5.        , -5.        , -5.        ,  5.        , -5.        ,       -5.        ,  4.16595745,  5.        ])
predicted_best_scaled_cost=-3131.744553850768
predicted_best_cost=-3131.744553850768
all_params=array([[-3.69971428e+00, -4.80633042e+00,  1.78835533e+00,        -2.88371884e+00, -2.34453341e+00, -8.42684072e-02,        -4.46637455e+00,  7.41176055e-01, -3.53271425e+00,         8.93055369e-01,  1.99758360e+00, -3.97665571e+00,        -8.59440122e-01,  1.94400158e+00, -8.58207305e-01,        -4.50046541e+00,  3.58964059e-01,  1.63794645e+00,         1.48891121e-01,  4.44594756e+00,  8.65550405e-01,         4.03401915e+00, -3.62525296e+00, -3.60723653e+00,         3.07391289e+00, -1.02323163e+00, -3.34645803e+00,         4.27508580e+00, -1.52234140e+00,  2.50812103e+00,         2.25997985e+00,  3.83306091e+00,  1.23672207e+00,         2.50942434e+00, -1.51101658e+00, -2.30072108e+00,         3.95886218e+00, -7.19088101e-01,  4.64840047e+00,         1.63441498e+00,  1.21695720e+00, -3.85254027e+00,         4.49489259e+00, -5.00878665e-01,  7.83896144e-01,        -9.18631972e-01, -2.62973020e+00,  4.03379521e+00],       [-3.55235531e+00, -4.99657378e+00,  2.02264516e+00,        -3.23042904e+00, -2.29041720e+00,  6.87615791e-01,        -4.45208200e+00,  1.55824636e+00, -3.28599402e+00,        -7.53021453e-02,  2.85645807e+00, -3.59486188e+00,         1.35205579e-01,  1.28868259e+00, -1.58393581e+00,        -3.60154085e+00,  7.52600382e-01,  7.69946798e-01,         6.59817226e-01,  4.61751069e+00,  1.71159948e+00,         4.43286320e+00, -4.37671103e+00, -4.56747626e+00,         2.12633486e+00, -1.96661865e+00, -3.85403589e+00,         4.75856022e+00, -1.44467927e+00,  2.61376499e+00,         2.94404164e+00,  3.08140754e+00,  7.95089429e-01,         2.68094288e+00, -5.71825084e-01, -2.17866064e+00,         2.99615676e+00, -1.17822756e-01,  3.96328839e+00,         2.24862537e+00,  9.92678490e-01, -3.12545656e+00,         4.61939091e+00, -3.88398197e-01,  5.68065952e-02,        -1.79879659e+00, -3.38704329e+00,  3.12139332e+00],       [-4.33736705e+00, -4.77351733e+00,  2.44862312e+00,        -3.11099507e+00, -3.26530524e+00, -1.68435649e-01,        -3.50273556e+00,  1.69444728e+00, -3.87940755e+00,        -5.70650656e-01,  3.34410978e+00, -4.20400291e+00,         2.97923434e-01,  2.22872257e+00, -8.90278202e-01,        -4.12184533e+00,  7.40139811e-01,  1.00985823e+00,         1.31777902e+00,  3.83427312e+00,  7.48751880e-01,         3.54259748e+00, -4.21052135e+00, -4.13141865e+00,         2.26403774e+00, -2.33189384e+00, -2.87680358e+00,         4.47827900e+00, -1.68439693e+00,  2.71566143e+00,         3.43471050e+00,  3.41987333e+00,  3.24928544e-01,         1.81361255e+00, -8.31656688e-01, -1.91922563e+00,         2.41650478e+00,  3.87688352e-01,  3.09636135e+00,         1.76925557e+00,  1.60218762e+00, -3.73858800e+00,         4.50223641e+00, -3.39057579e-01,  9.06422536e-01,        -2.27220305e+00, -4.25512110e+00,  3.59152525e+00],       [-3.71615136e+00, -3.88657959e+00,  3.31256726e+00,        -4.08309193e+00, -3.79658107e+00,  6.51210648e-02,        -2.60470292e+00,  2.59479952e+00, -3.76610117e+00,         2.60562043e-01,  3.62724219e+00, -4.29954728e+00,         2.69904768e-01,  2.43734354e+00, -7.91182359e-01,        -3.26048803e+00,  1.57760668e+00,  7.99609460e-01,         2.24430408e+00,  3.18218445e+00,  1.41091935e-03,         2.81275579e+00, -4.09512835e+00, -4.95977915e+00,         3.15997816e+00, -1.67766289e+00, -3.84676562e+00,         3.74640054e+00, -2.02026978e+00,  1.97765512e+00,         4.05369188e+00,  3.10934663e+00,  1.20514351e+00,         1.97764091e+00, -7.39927189e-02, -1.22975674e+00,         3.22728942e+00,  3.07448883e-01,  3.18905498e+00,         2.36646275e+00,  1.17362532e+00, -3.75808095e+00,         4.39956202e+00, -1.30799103e+00,  1.09338535e+00,        -2.40485035e+00, -3.59125365e+00,  3.22201486e+00],       [-2.93037395e+00, -3.73086516e+00,  2.68058766e+00,        -3.48961209e+00, -3.57251872e+00, -8.27060391e-01,        -2.76431556e+00,  2.95293719e+00, -2.92889762e+00,        -7.38633907e-01,  4.58076049e+00, -4.35964298e+00,         1.21747184e+00,  2.64677574e+00, -1.33490744e-01,        -3.11106502e+00,  1.83375908e+00,  3.70762024e-01,         2.41797076e+00,  3.68222798e+00,  7.18038592e-01,         3.32292017e+00, -3.67029054e+00, -4.10075047e+00,         2.80534015e+00, -1.33608531e+00, -3.94501775e+00,         3.51060604e+00, -2.19864708e+00,  1.78061428e+00,         3.67141883e+00,  3.35318537e+00,  1.06563805e+00,         2.92524507e+00,  2.81609064e-01, -1.83261696e+00,         3.08069144e+00, -5.85863727e-03,  3.78433259e+00,         3.12645933e+00,  1.98130923e+00, -3.43264133e+00,         3.83201358e+00, -1.80325762e+00,  1.80318124e+00,        -2.34942106e+00, -2.98693148e+00,  3.36699189e+00],       [-2.46408890e+00, -3.69284190e+00,  3.22235548e+00,        -3.35189611e+00, -3.64109896e+00, -1.14168258e+00,        -3.62789686e+00,  2.70878555e+00, -3.76964546e+00,         2.27000321e-01,  3.83851263e+00, -3.66826189e+00,         1.96739513e+00,  3.02360224e+00,  5.49808198e-03,        -3.78912214e+00,  1.76751912e+00,  6.11061260e-02,         1.86805068e+00,  3.86725172e+00,  3.42578268e-01,         4.15553128e+00, -2.85101949e+00, -4.51166820e+00,         2.02712275e+00, -1.95015985e+00, -3.94584941e+00,         3.96777738e+00, -2.78225820e+00,  1.27668140e+00,         4.37476258e+00,  3.18488281e+00,  1.29900818e+00,         2.39257735e+00, -5.14456417e-01, -1.80090293e+00,         3.03497341e+00, -7.00515349e-01,  4.02794506e+00,         3.21447956e+00,  2.28958393e+00, -4.14355025e+00,         4.33506922e+00, -2.35915935e+00,  1.84188489e+00,        -1.77882901e+00, -3.94227063e+00,  3.01571681e+00],       [-2.18452919e+00, -3.04144594e+00,  2.75746884e+00,        -2.75639554e+00, -2.67290673e+00, -1.74246396e-01,        -2.05608467e+00,  2.15042400e+00, -2.62628895e+00,        -3.31599931e-01,  4.44683836e+00, -3.68834549e+00,         2.86614284e-01,  3.18725321e+00,  3.29966458e-01,        -3.59166823e+00,  1.34789768e+00,  6.35368659e-01,         2.10856569e+00,  4.27540533e+00,  6.10331056e-01,         3.88841900e+00, -2.68934697e+00, -4.42975348e+00,         2.09135181e+00, -5.33468439e-01, -3.86189899e+00,         4.46008679e+00, -1.92543828e+00,  2.76844033e+00,         3.76356044e+00,  3.40603724e+00,  3.36493856e-01,         2.63665541e+00, -6.65953801e-01, -2.51182660e+00,         3.57196582e+00, -9.45059257e-01,  3.51741879e+00,         3.85115183e+00,  2.36666467e+00, -3.05075704e+00,         3.20928718e+00, -1.91944906e+00,  1.96633605e+00,        -1.36991765e+00, -3.57911903e+00,  2.86245769e+00],       [-2.66018303e+00, -2.54110112e+00,  2.67141950e+00,        -3.64253667e+00, -2.65587425e+00, -7.50326066e-01,        -1.45887618e+00,  1.74508676e+00, -3.57107693e+00,        -1.44735032e-01,  4.75745894e+00, -3.92631324e+00,         7.86330906e-01,  3.20953617e+00,  4.11870068e-01,        -2.67279959e+00,  1.95581946e+00, -2.99985208e-01,         2.52734019e+00,  4.07734441e+00,  1.50542894e+00,         3.33128447e+00, -3.15520293e+00, -4.87206579e+00,         1.94858946e+00, -1.31543091e+00, -3.59432547e+00,         4.69658049e+00, -1.53183729e+00,  3.30086309e+00,         3.44846868e+00,  4.09774020e+00,  1.94031406e-01,         3.28467515e+00, -4.12961484e-01, -3.22498051e+00,         2.72873962e+00, -1.90839397e+00,  2.65086878e+00,         3.76831946e+00,  1.59334851e+00, -3.99519034e+00,         3.71901015e+00, -2.12974810e+00,  2.46021304e+00,        -1.46510799e+00, -3.67894554e+00,  2.81860271e+00],       [-2.23652134e+00, -2.43511926e+00,  2.56225388e+00,        -1.94702322e+00, -3.59878464e+00,  3.73502290e-01,        -2.80480191e+00,  2.38745113e+00, -3.60556043e+00,        -2.54345365e-01,  3.45152574e+00, -2.78595792e+00,         1.09741835e+00,  3.77918709e+00,  1.16051510e+00,        -4.30055177e+00,  6.63357816e-01,  1.06320043e-02,         2.35355749e+00,  4.83755956e+00,  1.59024141e+00,         4.31066392e+00, -2.22574615e+00, -3.57218551e+00,         1.89309927e+00, -1.03376708e+00, -4.51503865e+00,         3.64404028e+00, -1.30021710e+00,  2.06202508e+00,         3.29215541e+00,  4.04421560e+00, -4.23316401e-02,         3.60149031e+00, -1.13267640e+00, -2.44451991e+00,         3.20089984e+00, -1.23513595e-01,  3.25053208e+00,         3.71833649e+00,  2.39125005e+00, -2.17298409e+00,         2.27118520e+00, -1.48569174e+00,  2.74837396e+00,        -2.31534320e+00, -3.53501654e+00,  2.51443732e+00],       [-1.46555055e+00, -2.92441284e+00,  3.13792458e+00,        -2.85068854e+00, -2.41628866e+00, -5.94052692e-01,        -3.03738752e+00,  2.30393587e+00, -3.00340052e+00,        -2.97064734e-01,  4.87016478e+00, -3.83539592e+00,        -2.18593642e-01,  2.92984073e+00,  1.19368869e+00,        -2.71793147e+00,  2.03655757e+00,  1.47578169e+00,         1.56436627e+00,  3.42627669e+00,  6.49505288e-02,         3.51717223e+00, -3.33981522e+00, -4.04671251e+00,         1.91852464e+00,  9.92345848e-02, -4.49163820e+00,         4.54091573e+00, -2.44472703e+00,  2.91687851e+00,         3.46153564e+00,  2.51996604e+00, -2.05878802e-01,         2.96486052e+00, -6.71453615e-01, -2.47379463e+00,         2.92140612e+00, -8.03627554e-01,  4.51092564e+00,         4.48482205e+00,  2.55540992e+00, -2.09877891e+00,         4.01241235e+00, -1.72823320e+00,  1.03118870e+00,        -2.18276345e+00, -4.44837560e+00,  2.76592399e+00],       [-2.43365953e+00, -2.09074588e+00,  2.09343543e+00,        -1.81082036e+00, -2.13795699e+00,  4.74229283e-01,        -1.79085304e+00,  2.48788954e+00, -2.67252429e+00,        -1.30532722e+00,  3.99511387e+00, -3.70420189e+00,         7.46796706e-01,  3.12450989e+00,  2.44776290e-01,        -4.31634275e+00,  3.69675144e-01,  1.15192518e+00,         1.74847136e+00,  4.97306778e+00,  5.07995085e-02,         3.56583505e+00, -2.64155470e+00, -3.81463432e+00,         2.01906738e+00, -1.28382335e+00, -4.23689624e+00,         4.23700252e+00, -1.57774026e+00,  3.30874025e+00,         3.02423200e+00,  2.45186750e+00,  3.74658501e-01,         3.25663283e+00, -1.64074627e+00, -2.16688691e+00,         3.94558228e+00, -1.04656575e+00,  4.34699616e+00,         4.13987400e+00,  1.37714434e+00, -3.08190015e+00,         3.92792280e+00, -1.25864992e+00,  2.26464445e+00,        -1.02252080e+00, -3.42211987e+00,  2.41069724e+00],       [-2.06346921e+00, -2.69798637e+00,  2.46232810e+00,        -2.04473881e+00, -3.28283176e+00,  3.20395225e-01,        -2.47687918e+00,  2.69802257e+00, -2.77081429e+00,         2.83796888e-01,  3.99593515e+00, -4.26095902e+00,         8.21183301e-01,  2.80453710e+00,  7.96456593e-01,        -3.10272192e+00,  7.90691078e-01,  6.35929321e-02,         1.50646153e+00,  3.52119170e+00,  3.64496255e-01,         2.94167477e+00, -3.46750623e+00, -3.94076819e+00,         2.69090488e+00, -1.37240938e+00, -4.39849437e+00,         3.77981229e+00, -1.09077115e+00,  3.19106937e+00,         3.87132966e+00,  3.01507321e+00,  1.00620195e+00,         2.50726733e+00,  1.80958629e-01, -2.09972299e+00,         3.52802844e+00, -1.69263905e+00,  4.46950589e+00,         3.17081913e+00,  1.77186892e+00, -3.18839353e+00,         3.01769100e+00, -2.62594610e+00,  2.42497389e+00,        -1.99242751e+00, -3.29132775e+00,  3.37106959e+00],       [-2.64200443e+00, -2.49607788e+00,  2.96018486e+00,        -1.76830139e+00, -3.08857715e+00, -8.86402038e-02,        -2.01366624e+00,  3.58863945e+00, -2.91969151e+00,         8.48160521e-01,  3.10821723e+00, -3.54742845e+00,         2.05683335e-01,  2.59473084e+00,  3.96618685e-01,        -3.94251464e+00,  1.59995308e+00, -1.96098713e-01,         1.56785641e+00,  3.50942423e+00, -3.71181461e-01,         2.35458289e+00, -4.31512861e+00, -3.92492479e+00,         2.21400399e+00, -1.65828617e+00, -4.82693277e+00,         4.35491597e+00, -1.87760340e+00,  4.16248702e+00,         3.22565199e+00,  3.15988344e+00,  9.58926208e-02,         3.08149990e+00, -4.39829476e-01, -2.04391504e+00,         4.00818352e+00, -2.39277608e+00,  4.31294156e+00,         2.60405355e+00,  2.29026102e+00, -2.74256314e+00,         2.37078906e+00, -1.90201299e+00,  1.46452409e+00,        -1.27195352e+00, -3.17352012e+00,  3.17751054e+00],       [-2.12451057e+00, -2.06221988e+00,  3.93483720e+00,        -2.21213129e+00, -4.08098981e+00,  7.79165013e-01,        -1.29787203e+00,  4.04634121e+00, -2.88631395e+00,         1.26207301e+00,  3.66927634e+00, -3.79767656e+00,         7.46328385e-01,  3.09597948e+00,  6.23041108e-01,        -4.13878279e+00,  1.99456912e+00, -1.18987300e+00,         2.11764970e+00,  4.30225744e+00, -8.92550047e-01,         1.59611726e+00, -4.62884981e+00, -4.32073133e+00,         2.98006100e+00, -1.57195331e+00, -4.66366796e+00,         3.58252106e+00, -2.29731447e+00,  4.29048311e+00,         2.87392905e+00,  3.07460380e+00, -1.58731652e-02,         3.73777063e+00, -5.87133167e-01, -2.35251740e+00,         4.35260309e+00, -2.94981197e+00,  4.10121257e+00,         2.23358492e+00,  2.54397222e+00, -1.98784220e+00,         2.26616707e+00, -1.33309815e+00,  1.37845549e+00,        -9.59494854e-01, -3.90983817e+00,  3.04347355e+00],       [-1.82338045e+00, -2.28511988e+00,  3.49373403e+00,        -1.75890017e+00, -3.09246590e+00,  5.97159477e-01,        -2.87805237e+00,  3.73518399e+00, -2.03416636e+00,         8.83880618e-01,  2.49714885e+00, -2.85154967e+00,        -2.91038381e-01,  2.99618292e+00,  4.77140566e-01,        -3.04484206e+00,  1.84862649e+00,  4.79857211e-01,         5.83722162e-01,  4.48810434e+00, -1.21575232e+00,         1.99884192e+00, -3.40585490e+00, -4.90704659e+00,         2.85946400e+00, -9.35862890e-01, -4.48404888e+00,         3.77563830e+00, -1.27222436e+00,  4.04056465e+00,         2.49432921e+00,  4.01558142e+00,  8.87832555e-01,         3.06459020e+00,  2.73575517e-01, -2.20675899e+00,         4.36952017e+00, -2.59679480e+00,  4.16615790e+00,         1.98315695e+00,  3.22023887e+00, -3.15413177e+00,         1.57770818e+00, -2.61338219e+00,  4.92708679e-01,        -8.40062119e-01, -3.04452348e+00,  3.76666724e+00],       [-2.62784458e+00, -1.91243580e+00,  3.35171328e+00,        -1.21260443e+00, -3.27561142e+00,  2.06901063e-01,        -2.65407764e+00,  3.23227938e+00, -3.57448227e+00,         6.65434971e-01,  2.59105472e+00, -3.73358446e+00,         1.15612802e+00,  2.23536949e+00,  1.36160058e+00,        -3.66990238e+00,  1.35013512e+00,  5.18870285e-01,         1.80702989e+00,  3.01349039e+00,  2.14529894e-01,         2.22045991e+00, -4.39763966e+00, -4.26437092e+00,         2.60874174e+00, -2.12098592e+00, -4.05183555e+00,         3.84069085e+00, -1.78936063e+00,  4.05904909e+00,         3.93636482e+00,  3.93665631e+00, -5.35338494e-01,         3.25219682e+00,  3.56580616e-01, -2.15168060e+00,         4.84437600e+00, -2.83479430e+00,  4.34007533e+00,         2.96896097e+00,  1.74667248e+00, -3.71502812e+00,         2.20423699e+00, -1.02504920e+00,  1.15058031e+00,        -7.12464927e-01, -3.82404750e+00,  2.86141621e+00],       [-3.35280899e+00, -2.06253625e+00,  3.35880010e+00,        -1.39130675e+00, -3.58178509e+00,  2.96080039e-01,        -2.55907116e+00,  3.43793768e+00, -3.17584727e+00,         5.58776345e-01,  2.22352684e+00, -3.28413520e+00,         6.20316540e-01,  2.82190823e+00,  6.93244198e-01,        -4.60263321e+00,  8.98846682e-01, -1.67748626e-01,         2.31852186e+00,  2.87733111e+00, -4.45503224e-01,         2.21244756e+00, -4.16213168e+00, -4.60190325e+00,         1.89888527e+00, -2.13452536e+00, -4.00931312e+00,         4.67152977e+00, -2.02432508e+00,  4.27788581e+00,         2.51658321e+00,  3.17911003e+00, -3.10213208e-01,         3.80080181e+00, -9.66327138e-02, -1.77696701e+00,         3.25666522e+00, -2.45160032e+00,  4.97734749e+00,         3.50065190e+00,  2.58043230e+00, -3.43911340e+00,         2.64904276e+00, -1.77068876e+00,  1.40185577e+00,        -1.41587858e+00, -2.97498061e+00,  3.87745032e+00],       [-2.13976235e+00, -2.33735680e+00,  3.80959322e+00,        -2.63882142e+00, -2.10588414e+00, -9.82651118e-01,        -2.61467514e+00,  3.43414477e+00, -3.70467376e+00,         1.09550134e+00,  2.20420236e+00, -3.97818069e+00,        -6.72243303e-01,  3.00176950e+00,  7.33531020e-01,        -4.18535345e+00,  9.76341604e-01,  2.97910945e-01,         1.24861499e+00,  4.10002657e+00, -3.95379583e-01,         2.40592178e+00, -4.95199658e+00, -3.63646075e+00,         1.91531699e+00, -2.19987611e+00, -4.49102563e+00,         3.98410707e+00, -1.93802532e+00,  4.96230040e+00,         2.95440813e+00,  3.70870371e+00,  2.01427814e-01,         3.85976208e+00, -7.29923773e-01, -2.55287768e+00,         4.82276666e+00, -3.30570755e+00,  4.91691816e+00,         2.71686738e+00,  2.04298745e+00, -1.75245850e+00,         1.48751436e+00, -1.86860027e+00,  5.26718241e-01,        -1.12960204e+00, -3.81258310e+00,  3.43942894e+00],       [-1.68015708e+00, -1.74627278e+00,  2.86385735e+00,        -1.35137965e+00, -2.53363965e+00, -9.89540354e-02,        -1.95659926e+00,  2.89020825e+00, -3.18089166e+00,         1.32603028e-01,  3.56200473e+00, -3.59340246e+00,         1.03441008e-01,  3.36672678e+00,  4.51856230e-01,        -4.12433297e+00,  1.13773713e+00, -1.05207464e+00,         1.40412868e+00,  2.56093120e+00, -7.88873580e-01,         2.36160191e+00, -3.37252702e+00, -4.70615896e+00,         2.56008609e+00, -1.65842142e+00, -4.08841153e+00,         3.59116155e+00, -2.71119813e+00,  3.89605639e+00,         3.81957650e+00,  2.54323492e+00,  6.31447005e-01,         2.66209590e+00, -1.00604650e+00, -3.01048386e+00,         3.80223921e+00, -2.63061310e+00,  4.42529500e+00,         1.74589035e+00,  1.59546899e+00, -3.70941138e+00,         1.59838178e+00, -1.59843443e+00,  1.26983779e+00,        -1.62990089e+00, -3.05769613e+00,  4.16443147e+00],       [-1.01118405e+00, -1.34702641e+00,  3.70037453e+00,        -2.27192223e+00, -3.39297277e+00, -1.50941455e-01,        -2.25826443e+00,  3.76471237e+00, -3.20176174e+00,         2.11901248e-01,  4.35252547e+00, -3.70013237e+00,         8.57509787e-01,  2.87389028e+00, -5.24361793e-04,        -4.38410337e+00,  1.23286567e+00, -1.61181729e+00,         1.74698702e+00,  1.84651776e+00, -1.60067303e+00,         3.10198540e+00, -3.89878961e+00, -4.50057217e+00,         2.70317028e+00, -1.60681748e+00, -4.85467363e+00,         4.33941342e+00, -1.80892689e+00,  4.52107100e+00,         3.38718017e+00,  2.59892851e+00,  3.10280453e-01,         2.77143052e+00, -5.72395625e-02, -3.38707802e+00,         4.13983242e+00, -2.97867868e+00,  4.64486822e+00,         1.39751028e+00,  2.37512367e+00, -3.20599594e+00,         2.12364597e+00, -1.65947638e+00,  6.91366800e-01,        -2.54695073e+00, -3.41403853e+00,  3.23255430e+00]])
all_costs=array([503.98264686, 357.98598074, 355.37469177, 276.29289004,       173.74212061, 211.94406829, 159.64792985, 193.85200185,       164.99902002, 174.90090452, 183.82243286, 157.20559834,       155.68315537, 186.76801249, 189.98119434, 158.30292342,       164.80372232, 191.38503481, 149.2683434 , 308.97328067])
all_uncers=array([0., 0., 0., 0., 0., 0., 0., 0., 0., 0., 0., 0., 0., 0., 0., 0., 0.,       0., 0., 0.])
best_cost=149.26834340318484
best_params=array([-1.68015708, -1.74627278,  2.86385735, -1.35137965, -2.53363965,       -0.09895404, -1.95659926,  2.89020825, -3.18089166,  0.13260303,        3.56200473, -3.59340246,  0.10344101,  3.36672678,  0.45185623,       -4.12433297,  1.13773713, -1.05207464,  1.40412868,  2.5609312 ,       -0.78887358,  2.36160191, -3.37252702, -4.70615896,  2.56008609,       -1.65842142, -4.08841153,  3.59116155, -2.71119813,  3.89605639,        3.8195765 ,  2.54323492,  0.63144701,  2.6620959 , -1.0060465 ,       -3.01048386,  3.80223921, -2.6306131 ,  4.425295  ,  1.74589035,        1.59546899, -3.70941138,  1.59838178, -1.59843443,  1.26983779,       -1.62990089, -3.05769613,  4.16443147])
best_index=18
worst_cost=503.98264685679464
worst_index=0
cost_range=354.7143034536098
costs_count=20
params_count=0
length_scale=1
noise_level=1
cost_scaler_init_index=None
net_0={'last_hyperfit': 0, 'last_net_reg': 1e-08, 'losses_list': [0.6922942, 0.09853538, 0.009574445, 0.0010943159, 0.00035342682, 0.000117460564, 4.2582506e-05, 1.0211898e-05, 4.337754e-06, 1.2624259e-06, 8.4711087e-07, 6.014135e-07, 5.453738e-07, 6.4162435e-07, 7.1256306e-07, 6.850928e-07, 5.730965e-07, 5.441366e-07, 5.395908e-07, 5.400454e-07], 'scaler_samples': (array([[-3.69971428e+00, -4.80633042e+00,  1.78835533e+00,        -2.88371884e+00, -2.34453341e+00, -8.42684072e-02,        -4.46637455e+00,  7.41176055e-01, -3.53271425e+00,         8.93055369e-01,  1.99758360e+00, -3.97665571e+00,        -8.59440122e-01,  1.94400158e+00, -8.58207305e-01,        -4.50046541e+00,  3.58964059e-01,  1.63794645e+00,         1.48891121e-01,  4.44594756e+00,  8.65550405e-01,         4.03401915e+00, -3.62525296e+00, -3.60723653e+00,         3.07391289e+00, -1.02323163e+00, -3.34645803e+00,         4.27508580e+00, -1.52234140e+00,  2.50812103e+00,         2.25997985e+00,  3.83306091e+00,  1.23672207e+00,         2.50942434e+00, -1.51101658e+00, -2.30072108e+00,         3.95886218e+00, -7.19088101e-01,  4.64840047e+00,         1.63441498e+00,  1.21695720e+00, -3.85254027e+00,         4.49489259e+00, -5.00878665e-01,  7.83896144e-01,        -9.18631972e-01, -2.62973020e+00,  4.03379521e+00],       [-3.55235531e+00, -4.99657378e+00,  2.02264516e+00,        -3.23042904e+00, -2.29041720e+00,  6.87615791e-01,        -4.45208200e+00,  1.55824636e+00, -3.28599402e+00,        -7.53021453e-02,  2.85645807e+00, -3.59486188e+00,         1.35205579e-01,  1.28868259e+00, -1.58393581e+00,        -3.60154085e+00,  7.52600382e-01,  7.69946798e-01,         6.59817226e-01,  4.61751069e+00,  1.71159948e+00,         4.43286320e+00, -4.37671103e+00, -4.56747626e+00,         2.12633486e+00, -1.96661865e+00, -3.85403589e+00,         4.75856022e+00, -1.44467927e+00,  2.61376499e+00,         2.94404164e+00,  3.08140754e+00,  7.95089429e-01,         2.68094288e+00, -5.71825084e-01, -2.17866064e+00,         2.99615676e+00, -1.17822756e-01,  3.96328839e+00,         2.24862537e+00,  9.92678490e-01, -3.12545656e+00,         4.61939091e+00, -3.88398197e-01,  5.68065952e-02,        -1.79879659e+00, -3.38704329e+00,  3.12139332e+00],       [-4.33736705e+00, -4.77351733e+00,  2.44862312e+00,        -3.11099507e+00, -3.26530524e+00, -1.68435649e-01,        -3.50273556e+00,  1.69444728e+00, -3.87940755e+00,        -5.70650656e-01,  3.34410978e+00, -4.20400291e+00,         2.97923434e-01,  2.22872257e+00, -8.90278202e-01,        -4.12184533e+00,  7.40139811e-01,  1.00985823e+00,         1.31777902e+00,  3.83427312e+00,  7.48751880e-01,         3.54259748e+00, -4.21052135e+00, -4.13141865e+00,         2.26403774e+00, -2.33189384e+00, -2.87680358e+00,         4.47827900e+00, -1.68439693e+00,  2.71566143e+00,         3.43471050e+00,  3.41987333e+00,  3.24928544e-01,         1.81361255e+00, -8.31656688e-01, -1.91922563e+00,         2.41650478e+00,  3.87688352e-01,  3.09636135e+00,         1.76925557e+00,  1.60218762e+00, -3.73858800e+00,         4.50223641e+00, -3.39057579e-01,  9.06422536e-01,        -2.27220305e+00, -4.25512110e+00,  3.59152525e+00],       [-3.71615136e+00, -3.88657959e+00,  3.31256726e+00,        -4.08309193e+00, -3.79658107e+00,  6.51210648e-02,        -2.60470292e+00,  2.59479952e+00, -3.76610117e+00,         2.60562043e-01,  3.62724219e+00, -4.29954728e+00,         2.69904768e-01,  2.43734354e+00, -7.91182359e-01,        -3.26048803e+00,  1.57760668e+00,  7.99609460e-01,         2.24430408e+00,  3.18218445e+00,  1.41091935e-03,         2.81275579e+00, -4.09512835e+00, -4.95977915e+00,         3.15997816e+00, -1.67766289e+00, -3.84676562e+00,         3.74640054e+00, -2.02026978e+00,  1.97765512e+00,         4.05369188e+00,  3.10934663e+00,  1.20514351e+00,         1.97764091e+00, -7.39927189e-02, -1.22975674e+00,         3.22728942e+00,  3.07448883e-01,  3.18905498e+00,         2.36646275e+00,  1.17362532e+00, -3.75808095e+00,         4.39956202e+00, -1.30799103e+00,  1.09338535e+00,        -2.40485035e+00, -3.59125365e+00,  3.22201486e+00],       [-2.93037395e+00, -3.73086516e+00,  2.68058766e+00,        -3.48961209e+00, -3.57251872e+00, -8.27060391e-01,        -2.76431556e+00,  2.95293719e+00, -2.92889762e+00,        -7.38633907e-01,  4.58076049e+00, -4.35964298e+00,         1.21747184e+00,  2.64677574e+00, -1.33490744e-01,        -3.11106502e+00,  1.83375908e+00,  3.70762024e-01,         2.41797076e+00,  3.68222798e+00,  7.18038592e-01,         3.32292017e+00, -3.67029054e+00, -4.10075047e+00,         2.80534015e+00, -1.33608531e+00, -3.94501775e+00,         3.51060604e+00, -2.19864708e+00,  1.78061428e+00,         3.67141883e+00,  3.35318537e+00,  1.06563805e+00,         2.92524507e+00,  2.81609064e-01, -1.83261696e+00,         3.08069144e+00, -5.85863727e-03,  3.78433259e+00,         3.12645933e+00,  1.98130923e+00, -3.43264133e+00,         3.83201358e+00, -1.80325762e+00,  1.80318124e+00,        -2.34942106e+00, -2.98693148e+00,  3.36699189e+00],       [-2.46408890e+00, -3.69284190e+00,  3.22235548e+00,        -3.35189611e+00, -3.64109896e+00, -1.14168258e+00,        -3.62789686e+00,  2.70878555e+00, -3.76964546e+00,         2.27000321e-01,  3.83851263e+00, -3.66826189e+00,         1.96739513e+00,  3.02360224e+00,  5.49808198e-03,        -3.78912214e+00,  1.76751912e+00,  6.11061260e-02,         1.86805068e+00,  3.86725172e+00,  3.42578268e-01,         4.15553128e+00, -2.85101949e+00, -4.51166820e+00,         2.02712275e+00, -1.95015985e+00, -3.94584941e+00,         3.96777738e+00, -2.78225820e+00,  1.27668140e+00,         4.37476258e+00,  3.18488281e+00,  1.29900818e+00,         2.39257735e+00, -5.14456417e-01, -1.80090293e+00,         3.03497341e+00, -7.00515349e-01,  4.02794506e+00,         3.21447956e+00,  2.28958393e+00, -4.14355025e+00,         4.33506922e+00, -2.35915935e+00,  1.84188489e+00,        -1.77882901e+00, -3.94227063e+00,  3.01571681e+00],       [-2.18452919e+00, -3.04144594e+00,  2.75746884e+00,        -2.75639554e+00, -2.67290673e+00, -1.74246396e-01,        -2.05608467e+00,  2.15042400e+00, -2.62628895e+00,        -3.31599931e-01,  4.44683836e+00, -3.68834549e+00,         2.86614284e-01,  3.18725321e+00,  3.29966458e-01,        -3.59166823e+00,  1.34789768e+00,  6.35368659e-01,         2.10856569e+00,  4.27540533e+00,  6.10331056e-01,         3.88841900e+00, -2.68934697e+00, -4.42975348e+00,         2.09135181e+00, -5.33468439e-01, -3.86189899e+00,         4.46008679e+00, -1.92543828e+00,  2.76844033e+00,         3.76356044e+00,  3.40603724e+00,  3.36493856e-01,         2.63665541e+00, -6.65953801e-01, -2.51182660e+00,         3.57196582e+00, -9.45059257e-01,  3.51741879e+00,         3.85115183e+00,  2.36666467e+00, -3.05075704e+00,         3.20928718e+00, -1.91944906e+00,  1.96633605e+00,        -1.36991765e+00, -3.57911903e+00,  2.86245769e+00],       [-2.66018303e+00, -2.54110112e+00,  2.67141950e+00,        -3.64253667e+00, -2.65587425e+00, -7.50326066e-01,        -1.45887618e+00,  1.74508676e+00, -3.57107693e+00,        -1.44735032e-01,  4.75745894e+00, -3.92631324e+00,         7.86330906e-01,  3.20953617e+00,  4.11870068e-01,        -2.67279959e+00,  1.95581946e+00, -2.99985208e-01,         2.52734019e+00,  4.07734441e+00,  1.50542894e+00,         3.33128447e+00, -3.15520293e+00, -4.87206579e+00,         1.94858946e+00, -1.31543091e+00, -3.59432547e+00,         4.69658049e+00, -1.53183729e+00,  3.30086309e+00,         3.44846868e+00,  4.09774020e+00,  1.94031406e-01,         3.28467515e+00, -4.12961484e-01, -3.22498051e+00,         2.72873962e+00, -1.90839397e+00,  2.65086878e+00,         3.76831946e+00,  1.59334851e+00, -3.99519034e+00,         3.71901015e+00, -2.12974810e+00,  2.46021304e+00,        -1.46510799e+00, -3.67894554e+00,  2.81860271e+00],       [-2.23652134e+00, -2.43511926e+00,  2.56225388e+00,        -1.94702322e+00, -3.59878464e+00,  3.73502290e-01,        -2.80480191e+00,  2.38745113e+00, -3.60556043e+00,        -2.54345365e-01,  3.45152574e+00, -2.78595792e+00,         1.09741835e+00,  3.77918709e+00,  1.16051510e+00,        -4.30055177e+00,  6.63357816e-01,  1.06320043e-02,         2.35355749e+00,  4.83755956e+00,  1.59024141e+00,         4.31066392e+00, -2.22574615e+00, -3.57218551e+00,         1.89309927e+00, -1.03376708e+00, -4.51503865e+00,         3.64404028e+00, -1.30021710e+00,  2.06202508e+00,         3.29215541e+00,  4.04421560e+00, -4.23316401e-02,         3.60149031e+00, -1.13267640e+00, -2.44451991e+00,         3.20089984e+00, -1.23513595e-01,  3.25053208e+00,         3.71833649e+00,  2.39125005e+00, -2.17298409e+00,         2.27118520e+00, -1.48569174e+00,  2.74837396e+00,        -2.31534320e+00, -3.53501654e+00,  2.51443732e+00],       [-1.46555055e+00, -2.92441284e+00,  3.13792458e+00,        -2.85068854e+00, -2.41628866e+00, -5.94052692e-01,        -3.03738752e+00,  2.30393587e+00, -3.00340052e+00,        -2.97064734e-01,  4.87016478e+00, -3.83539592e+00,        -2.18593642e-01,  2.92984073e+00,  1.19368869e+00,        -2.71793147e+00,  2.03655757e+00,  1.47578169e+00,         1.56436627e+00,  3.42627669e+00,  6.49505288e-02,         3.51717223e+00, -3.33981522e+00, -4.04671251e+00,         1.91852464e+00,  9.92345848e-02, -4.49163820e+00,         4.54091573e+00, -2.44472703e+00,  2.91687851e+00,         3.46153564e+00,  2.51996604e+00, -2.05878802e-01,         2.96486052e+00, -6.71453615e-01, -2.47379463e+00,         2.92140612e+00, -8.03627554e-01,  4.51092564e+00,         4.48482205e+00,  2.55540992e+00, -2.09877891e+00,         4.01241235e+00, -1.72823320e+00,  1.03118870e+00,        -2.18276345e+00, -4.44837560e+00,  2.76592399e+00],       [-2.43365953e+00, -2.09074588e+00,  2.09343543e+00,        -1.81082036e+00, -2.13795699e+00,  4.74229283e-01,        -1.79085304e+00,  2.48788954e+00, -2.67252429e+00,        -1.30532722e+00,  3.99511387e+00, -3.70420189e+00,         7.46796706e-01,  3.12450989e+00,  2.44776290e-01,        -4.31634275e+00,  3.69675144e-01,  1.15192518e+00,         1.74847136e+00,  4.97306778e+00,  5.07995085e-02,         3.56583505e+00, -2.64155470e+00, -3.81463432e+00,         2.01906738e+00, -1.28382335e+00, -4.23689624e+00,         4.23700252e+00, -1.57774026e+00,  3.30874025e+00,         3.02423200e+00,  2.45186750e+00,  3.74658501e-01,         3.25663283e+00, -1.64074627e+00, -2.16688691e+00,         3.94558228e+00, -1.04656575e+00,  4.34699616e+00,         4.13987400e+00,  1.37714434e+00, -3.08190015e+00,         3.92792280e+00, -1.25864992e+00,  2.26464445e+00,        -1.02252080e+00, -3.42211987e+00,  2.41069724e+00],       [-2.06346921e+00, -2.69798637e+00,  2.46232810e+00,        -2.04473881e+00, -3.28283176e+00,  3.20395225e-01,        -2.47687918e+00,  2.69802257e+00, -2.77081429e+00,         2.83796888e-01,  3.99593515e+00, -4.26095902e+00,         8.21183301e-01,  2.80453710e+00,  7.96456593e-01,        -3.10272192e+00,  7.90691078e-01,  6.35929321e-02,         1.50646153e+00,  3.52119170e+00,  3.64496255e-01,         2.94167477e+00, -3.46750623e+00, -3.94076819e+00,         2.69090488e+00, -1.37240938e+00, -4.39849437e+00,         3.77981229e+00, -1.09077115e+00,  3.19106937e+00,         3.87132966e+00,  3.01507321e+00,  1.00620195e+00,         2.50726733e+00,  1.80958629e-01, -2.09972299e+00,         3.52802844e+00, -1.69263905e+00,  4.46950589e+00,         3.17081913e+00,  1.77186892e+00, -3.18839353e+00,         3.01769100e+00, -2.62594610e+00,  2.42497389e+00,        -1.99242751e+00, -3.29132775e+00,  3.37106959e+00],       [-2.64200443e+00, -2.49607788e+00,  2.96018486e+00,        -1.76830139e+00, -3.08857715e+00, -8.86402038e-02,        -2.01366624e+00,  3.58863945e+00, -2.91969151e+00,         8.48160521e-01,  3.10821723e+00, -3.54742845e+00,         2.05683335e-01,  2.59473084e+00,  3.96618685e-01,        -3.94251464e+00,  1.59995308e+00, -1.96098713e-01,         1.56785641e+00,  3.50942423e+00, -3.71181461e-01,         2.35458289e+00, -4.31512861e+00, -3.92492479e+00,         2.21400399e+00, -1.65828617e+00, -4.82693277e+00,         4.35491597e+00, -1.87760340e+00,  4.16248702e+00,         3.22565199e+00,  3.15988344e+00,  9.58926208e-02,         3.08149990e+00, -4.39829476e-01, -2.04391504e+00,         4.00818352e+00, -2.39277608e+00,  4.31294156e+00,         2.60405355e+00,  2.29026102e+00, -2.74256314e+00,         2.37078906e+00, -1.90201299e+00,  1.46452409e+00,        -1.27195352e+00, -3.17352012e+00,  3.17751054e+00],       [-2.12451057e+00, -2.06221988e+00,  3.93483720e+00,        -2.21213129e+00, -4.08098981e+00,  7.79165013e-01,        -1.29787203e+00,  4.04634121e+00, -2.88631395e+00,         1.26207301e+00,  3.66927634e+00, -3.79767656e+00,         7.46328385e-01,  3.09597948e+00,  6.23041108e-01,        -4.13878279e+00,  1.99456912e+00, -1.18987300e+00,         2.11764970e+00,  4.30225744e+00, -8.92550047e-01,         1.59611726e+00, -4.62884981e+00, -4.32073133e+00,         2.98006100e+00, -1.57195331e+00, -4.66366796e+00,         3.58252106e+00, -2.29731447e+00,  4.29048311e+00,         2.87392905e+00,  3.07460380e+00, -1.58731652e-02,         3.73777063e+00, -5.87133167e-01, -2.35251740e+00,         4.35260309e+00, -2.94981197e+00,  4.10121257e+00,         2.23358492e+00,  2.54397222e+00, -1.98784220e+00,         2.26616707e+00, -1.33309815e+00,  1.37845549e+00,        -9.59494854e-01, -3.90983817e+00,  3.04347355e+00],       [-1.82338045e+00, -2.28511988e+00,  3.49373403e+00,        -1.75890017e+00, -3.09246590e+00,  5.97159477e-01,        -2.87805237e+00,  3.73518399e+00, -2.03416636e+00,         8.83880618e-01,  2.49714885e+00, -2.85154967e+00,        -2.91038381e-01,  2.99618292e+00,  4.77140566e-01,        -3.04484206e+00,  1.84862649e+00,  4.79857211e-01,         5.83722162e-01,  4.48810434e+00, -1.21575232e+00,         1.99884192e+00, -3.40585490e+00, -4.90704659e+00,         2.85946400e+00, -9.35862890e-01, -4.48404888e+00,         3.77563830e+00, -1.27222436e+00,  4.04056465e+00,         2.49432921e+00,  4.01558142e+00,  8.87832555e-01,         3.06459020e+00,  2.73575517e-01, -2.20675899e+00,         4.36952017e+00, -2.59679480e+00,  4.16615790e+00,         1.98315695e+00,  3.22023887e+00, -3.15413177e+00,         1.57770818e+00, -2.61338219e+00,  4.92708679e-01,        -8.40062119e-01, -3.04452348e+00,  3.76666724e+00],       [-2.62784458e+00, -1.91243580e+00,  3.35171328e+00,        -1.21260443e+00, -3.27561142e+00,  2.06901063e-01,        -2.65407764e+00,  3.23227938e+00, -3.57448227e+00,         6.65434971e-01,  2.59105472e+00, -3.73358446e+00,         1.15612802e+00,  2.23536949e+00,  1.36160058e+00,        -3.66990238e+00,  1.35013512e+00,  5.18870285e-01,         1.80702989e+00,  3.01349039e+00,  2.14529894e-01,         2.22045991e+00, -4.39763966e+00, -4.26437092e+00,         2.60874174e+00, -2.12098592e+00, -4.05183555e+00,         3.84069085e+00, -1.78936063e+00,  4.05904909e+00,         3.93636482e+00,  3.93665631e+00, -5.35338494e-01,         3.25219682e+00,  3.56580616e-01, -2.15168060e+00,         4.84437600e+00, -2.83479430e+00,  4.34007533e+00,         2.96896097e+00,  1.74667248e+00, -3.71502812e+00,         2.20423699e+00, -1.02504920e+00,  1.15058031e+00,        -7.12464927e-01, -3.82404750e+00,  2.86141621e+00],       [-3.35280899e+00, -2.06253625e+00,  3.35880010e+00,        -1.39130675e+00, -3.58178509e+00,  2.96080039e-01,        -2.55907116e+00,  3.43793768e+00, -3.17584727e+00,         5.58776345e-01,  2.22352684e+00, -3.28413520e+00,         6.20316540e-01,  2.82190823e+00,  6.93244198e-01,        -4.60263321e+00,  8.98846682e-01, -1.67748626e-01,         2.31852186e+00,  2.87733111e+00, -4.45503224e-01,         2.21244756e+00, -4.16213168e+00, -4.60190325e+00,         1.89888527e+00, -2.13452536e+00, -4.00931312e+00,         4.67152977e+00, -2.02432508e+00,  4.27788581e+00,         2.51658321e+00,  3.17911003e+00, -3.10213208e-01,         3.80080181e+00, -9.66327138e-02, -1.77696701e+00,         3.25666522e+00, -2.45160032e+00,  4.97734749e+00,         3.50065190e+00,  2.58043230e+00, -3.43911340e+00,         2.64904276e+00, -1.77068876e+00,  1.40185577e+00,        -1.41587858e+00, -2.97498061e+00,  3.87745032e+00],       [-2.13976235e+00, -2.33735680e+00,  3.80959322e+00,        -2.63882142e+00, -2.10588414e+00, -9.82651118e-01,        -2.61467514e+00,  3.43414477e+00, -3.70467376e+00,         1.09550134e+00,  2.20420236e+00, -3.97818069e+00,        -6.72243303e-01,  3.00176950e+00,  7.33531020e-01,        -4.18535345e+00,  9.76341604e-01,  2.97910945e-01,         1.24861499e+00,  4.10002657e+00, -3.95379583e-01,         2.40592178e+00, -4.95199658e+00, -3.63646075e+00,         1.91531699e+00, -2.19987611e+00, -4.49102563e+00,         3.98410707e+00, -1.93802532e+00,  4.96230040e+00,         2.95440813e+00,  3.70870371e+00,  2.01427814e-01,         3.85976208e+00, -7.29923773e-01, -2.55287768e+00,         4.82276666e+00, -3.30570755e+00,  4.91691816e+00,         2.71686738e+00,  2.04298745e+00, -1.75245850e+00,         1.48751436e+00, -1.86860027e+00,  5.26718241e-01,        -1.12960204e+00, -3.81258310e+00,  3.43942894e+00],       [-1.68015708e+00, -1.74627278e+00,  2.86385735e+00,        -1.35137965e+00, -2.53363965e+00, -9.89540354e-02,        -1.95659926e+00,  2.89020825e+00, -3.18089166e+00,         1.32603028e-01,  3.56200473e+00, -3.59340246e+00,         1.03441008e-01,  3.36672678e+00,  4.51856230e-01,        -4.12433297e+00,  1.13773713e+00, -1.05207464e+00,         1.40412868e+00,  2.56093120e+00, -7.88873580e-01,         2.36160191e+00, -3.37252702e+00, -4.70615896e+00,         2.56008609e+00, -1.65842142e+00, -4.08841153e+00,         3.59116155e+00, -2.71119813e+00,  3.89605639e+00,         3.81957650e+00,  2.54323492e+00,  6.31447005e-01,         2.66209590e+00, -1.00604650e+00, -3.01048386e+00,         3.80223921e+00, -2.63061310e+00,  4.42529500e+00,         1.74589035e+00,  1.59546899e+00, -3.70941138e+00,         1.59838178e+00, -1.59843443e+00,  1.26983779e+00,        -1.62990089e+00, -3.05769613e+00,  4.16443147e+00],       [-1.01118405e+00, -1.34702641e+00,  3.70037453e+00,        -2.27192223e+00, -3.39297277e+00, -1.50941455e-01,        -2.25826443e+00,  3.76471237e+00, -3.20176174e+00,         2.11901248e-01,  4.35252547e+00, -3.70013237e+00,         8.57509787e-01,  2.87389028e+00, -5.24361793e-04,        -4.38410337e+00,  1.23286567e+00, -1.61181729e+00,         1.74698702e+00,  1.84651776e+00, -1.60067303e+00,         3.10198540e+00, -3.89878961e+00, -4.50057217e+00,         2.70317028e+00, -1.60681748e+00, -4.85467363e+00,         4.33941342e+00, -1.80892689e+00,  4.52107100e+00,         3.38718017e+00,  2.59892851e+00,  3.10280453e-01,         2.77143052e+00, -5.72395625e-02, -3.38707802e+00,         4.13983242e+00, -2.97867868e+00,  4.64486822e+00,         1.39751028e+00,  2.37512367e+00, -3.20599594e+00,         2.12364597e+00, -1.65947638e+00,  6.91366800e-01,        -2.54695073e+00, -3.41403853e+00,  3.23255430e+00]]), array([503.98264686, 357.98598074, 355.37469177, 276.29289004,       173.74212061, 211.94406829, 159.64792985, 193.85200185,       164.99902002, 174.90090452, 183.82243286, 157.20559834,       155.68315537, 186.76801249, 189.98119434, 158.30292342,       164.80372232, 191.38503481, 149.2683434 , 308.97328067])), 'net': {'saver_path': './M-LOOP_archives/neural_net_archive_2020-01-29_13-43_7wugpjOO.ckpt'}}
net_1={'last_hyperfit': 0, 'last_net_reg': 1e-08, 'losses_list': [], 'scaler_samples': None, 'net': {'saver_path': './M-LOOP_archives/neural_net_archive_2020-01-29_13-43_TbwFzmB-.ckpt'}}
net_2={'last_hyperfit': 0, 'last_net_reg': 1e-08, 'losses_list': [], 'scaler_samples': None, 'net': {'saver_path': './M-LOOP_archives/neural_net_archive_2020-01-29_13-43__3As-N2H.ckpt'}}
