archive_type='gaussian_process_learner'
num_params=10
min_boundary=array([-3., -3., -3., -3., -3., -3., -3., -3., -3., -3.])
max_boundary=array([3., 3., 3., 3., 3., 3., 3., 3., 3., 3.])
start_datetime='2020-01-28_17-26'
cost_has_noise=True
length_scale_history=[array([ 3.18915038,  2.98214857,  3.48301734,  1.98250457,  2.55152907,       17.2051865 ,  1.86321774,  2.40784261,  4.49947916,  4.84554697])]
noise_level_history=[9.999999999999997e-06]
bad_run_indexs=[[]]
bias_func_cycle=4
bias_func_cost_factor=[1.0, 1.0, 1.0, 1.0]
bias_func_uncer_factor=[0.0, 1.0, 2.0, 3.0]
generation_num=4
search_precision=1e-06
parameter_searches=10
hyperparameter_searches=10
bad_uncer_frac=0.1
trust_region=array([0.06, 0.06, 0.06, 0.06, 0.06, 0.06, 0.06, 0.06, 0.06, 0.06])
has_trust_region=True
predict_global_minima_at_end=True
all_params=array([[ 1.11131700e+00, -1.77328650e+00,  2.26870462e+00,        -2.83567444e+00,  1.02280506e+00, -4.96171186e-01,         3.52138971e-01, -2.15767837e+00, -1.81139107e+00,         1.80446741e+00],       [ 1.16750839e+00, -1.79567560e+00,  2.29178333e+00,        -2.79050774e+00,  1.07015786e+00, -5.45965880e-01,         2.96825545e-01, -2.19729872e+00, -1.76601397e+00,         1.75626903e+00],       [ 1.10184992e+00, -1.71833976e+00,  2.27268445e+00,        -2.81264919e+00,  1.00066694e+00, -4.73791074e-01,         3.92294051e-01, -2.21548378e+00, -1.78137375e+00,         1.86313074e+00],       [ 1.14109688e+00, -1.79963322e+00,  2.30341814e+00,        -2.88328732e+00,  1.01655228e+00, -4.47139725e-01,         3.27372668e-01, -2.18314533e+00, -1.85578764e+00,         1.74679145e+00],       [ 1.13277727e+00, -1.80789113e+00,  2.24057022e+00,        -2.83668566e+00,  9.69208566e-01, -4.87277073e-01,         3.09746400e-01, -2.14696170e+00, -1.78742006e+00,         1.75674754e+00],       [ 1.10100372e+00, -1.74995848e+00,  2.25840613e+00,        -2.88968003e+00,  1.02711263e+00, -4.76515828e-01,         3.53925664e-01, -2.10432700e+00, -1.80100446e+00,         1.85287564e+00],       [ 1.06781397e+00, -1.81657334e+00,  2.30559157e+00,        -2.84795322e+00,  9.82647565e-01, -4.44870156e-01,         3.33870874e-01, -2.12758092e+00, -1.78427131e+00,         1.85046414e+00],       [ 1.12615767e+00, -1.74317341e+00,  2.25057242e+00,        -2.86328309e+00,  1.07031141e+00, -5.04800243e-01,         4.07919776e-01, -2.13806539e+00, -1.79678758e+00,         1.75823693e+00],       [ 1.18009638e+00, -1.74918395e+00,  2.25997917e+00,        -2.87430668e+00,  1.03875464e+00, -4.56394701e-01,         4.16761315e-01, -2.19772095e+00, -1.78273019e+00,         1.73743432e+00],       [ 1.12940464e+00, -1.69686036e+00,  2.23344479e+00,        -2.81425888e+00,  1.08511462e+00, -5.62901694e-01,         4.59452244e-01, -2.11515776e+00, -1.73710884e+00,         1.71891779e+00],       [ 1.08586093e+00, -1.64494890e+00,  2.25706297e+00,        -2.86633885e+00,  1.11577019e+00, -5.32436551e-01,         5.10215189e-01, -2.08977479e+00, -1.78219632e+00,         1.66130341e+00],       [ 1.02900625e+00, -1.70155212e+00,  2.22660830e+00,        -2.82313550e+00,  1.12042992e+00, -5.26097914e-01,         5.51258896e-01, -2.13487399e+00, -1.80869428e+00,         1.67159452e+00],       [ 1.08535774e+00, -1.69422850e+00,  2.16884597e+00,        -2.78705958e+00,  1.08838683e+00, -4.89245290e-01,         5.37802173e-01, -2.09124897e+00, -1.77903968e+00,         1.67834335e+00],       [ 1.04173236e+00, -1.74703837e+00,  2.12340719e+00,        -2.84171335e+00,  1.04128612e+00, -5.22160170e-01,         5.63360851e-01, -2.08408293e+00, -1.83753297e+00,         1.62698026e+00],       [ 1.09780552e+00, -1.73886632e+00,  2.08780238e+00,        -2.87143427e+00,  1.07054523e+00, -5.58708632e-01,         5.73123922e-01, -2.02768053e+00, -1.79591351e+00,         1.59576199e+00],       [ 1.09705789e+00, -1.72447163e+00,  2.12728008e+00,        -2.91261930e+00,  1.01277437e+00, -6.10305975e-01,         5.71485335e-01, -2.01492100e+00, -1.78765134e+00,         1.57384548e+00],       [ 1.15643946e+00, -1.72929689e+00,  2.07341932e+00,        -2.86532048e+00,  1.09998536e+00, -5.38400685e-01,         5.44914269e-01, -2.07972035e+00, -1.81150341e+00,         1.61132809e+00],       [ 1.06302641e+00, -1.70853565e+00,  2.03578675e+00,        -2.90019645e+00,  1.10711577e+00, -5.95496518e-01,         5.89859228e-01, -2.02472009e+00, -1.74493655e+00,         1.56735760e+00],       [ 1.01094174e+00, -1.68032774e+00,  2.06844812e+00,        -2.85125855e+00,  1.15895242e+00, -6.53822329e-01,         5.57982678e-01, -2.01070669e+00, -1.69105459e+00,         1.62137874e+00],       [ 1.01774012e+00, -1.63045497e+00,  2.08543606e+00,        -2.86445763e+00,  1.15727130e+00, -6.41305071e-01,         5.63928429e-01, -1.95956492e+00, -1.64080658e+00,         1.60876381e+00],       [ 1.07333162e+00, -1.66958029e+00,  2.04059560e+00,        -2.90824813e+00,  1.15795076e+00, -6.98722095e-01,         6.17684854e-01, -1.92031106e+00, -1.69900430e+00,         1.56990736e+00],       [ 1.05317925e+00, -1.71386067e+00,  2.07773449e+00,        -2.92687973e+00,  1.21076366e+00, -6.88880393e-01,         6.63144692e-01, -1.87894293e+00, -1.65035723e+00,         1.56509299e+00],       [ 1.05874087e+00, -1.67802824e+00,  2.05202075e+00,        -2.92804931e+00,  1.22265690e+00, -7.47016400e-01,         6.74362461e-01, -1.88690177e+00, -1.61347396e+00,         1.54292237e+00],       [ 1.10588751e+00, -1.66868538e+00,  2.01410197e+00,        -2.89349780e+00,  1.23610064e+00, -8.00547287e-01,         6.64785703e-01, -1.86541351e+00, -1.56324175e+00,         1.48297061e+00],       [ 1.16309861e+00, -1.68349574e+00,  2.07095600e+00,        -2.88093187e+00,  1.27556213e+00, -7.91581907e-01,         6.80154846e-01, -1.89114435e+00, -1.55282175e+00,         1.51297323e+00],       [ 1.14888517e+00, -1.63807551e+00,  2.03786884e+00,        -2.84976027e+00,  1.21482236e+00, -7.80052633e-01,         6.58890575e-01, -1.87956118e+00, -1.57394439e+00,         1.47114816e+00],       [ 1.08397359e+00, -1.65405505e+00,  2.00573165e+00,        -2.83664155e+00,  1.25743674e+00, -8.36718901e-01,         6.55989824e-01, -1.88421196e+00, -1.52752509e+00,         1.52857041e+00],       [ 1.13243462e+00, -1.63452868e+00,  1.97815664e+00,        -2.86635754e+00,  1.30002450e+00, -8.33393143e-01,         6.92249154e-01, -1.87551334e+00, -1.49954799e+00,         1.53085180e+00],       [ 1.16494069e+00, -1.62626572e+00,  1.97404182e+00,        -2.88523488e+00,  1.24820962e+00, -8.48042242e-01,         6.41804283e-01, -1.81757528e+00, -1.53775445e+00,         1.56827485e+00],       [ 1.17743002e+00, -1.61191908e+00,  1.98649597e+00,        -2.90704097e+00,  1.29605010e+00, -8.51972497e-01,         6.59253949e-01, -1.86441191e+00, -1.52207561e+00,         1.58080847e+00],       [ 1.18159089e+00, -1.66367448e+00,  1.93146359e+00,        -2.90320202e+00,  1.29997460e+00, -8.05962863e-01,         6.57232486e-01, -1.90574931e+00, -1.45734736e+00,         1.52075365e+00],       [ 1.14643683e+00, -1.66648874e+00,  1.93039271e+00,        -2.86445470e+00,  1.29728142e+00, -8.75072546e-01,         7.06865902e-01, -1.87023212e+00, -1.48105151e+00,         1.48819727e+00],       [ 1.17662017e+00, -1.69984284e+00,  1.93271493e+00,        -2.83021918e+00,  1.23996107e+00, -8.96149051e-01,         7.51616587e-01, -1.82886697e+00, -1.47643864e+00,         1.53219026e+00],       [ 1.23059689e+00, -1.66067400e+00,  1.97520878e+00,        -2.87836997e+00,  1.25811759e+00, -8.71727012e-01,         7.64845484e-01, -1.79291314e+00, -1.53229009e+00,         1.56461891e+00],       [ 1.20442760e+00, -1.72867903e+00,  1.90356324e+00,        -2.81434278e+00,  1.22139676e+00, -8.60558409e-01,         7.45154135e-01, -1.79493704e+00, -1.41758202e+00,         1.50822006e+00],       [ 1.16158830e+00, -1.68052202e+00,  1.90855037e+00,        -2.75737394e+00,  1.23778929e+00, -8.01288846e-01,         7.50682631e-01, -1.79176593e+00, -1.46133067e+00,         1.49090468e+00],       [ 1.10473453e+00, -1.72127460e+00,  1.93802683e+00,        -2.81372597e+00,  1.22177446e+00, -7.57807296e-01,         7.73803957e-01, -1.76885287e+00, -1.49869426e+00,         1.48393320e+00],       [ 1.17137759e+00, -1.62175182e+00,  1.87301912e+00,        -2.78764599e+00,  1.20925006e+00, -7.71268157e-01,         7.45519670e-01, -1.84493439e+00, -1.46030873e+00,         1.45633990e+00],       [ 1.19742081e+00, -1.70484226e+00,  1.85186309e+00,        -2.74616204e+00,  1.27905014e+00, -8.15566912e-01,         7.80665628e-01, -1.79042895e+00, -1.45641646e+00,         1.54603680e+00],       [ 1.23389612e+00, -1.76096349e+00,  1.87698956e+00,        -2.75036186e+00,  1.33275602e+00, -8.48994983e-01,         7.52714271e-01, -1.84065207e+00, -1.46498220e+00,         1.49911905e+00],       [ 1.21347522e+00, -1.66848667e+00,  1.87547915e+00,        -2.71421668e+00,  1.26014464e+00, -7.74064734e-01,         7.72117881e-01, -1.75154777e+00, -1.44123692e+00,         1.50324757e+00],       [ 1.16288165e+00, -1.72628675e+00,  1.82348615e+00,        -2.71918662e+00,  1.21374567e+00, -8.30730732e-01,         8.02701259e-01, -1.76416571e+00, -1.41160430e+00,         1.49753615e+00],       [ 1.15689206e+00, -1.72891805e+00,  1.82036662e+00,        -2.68280702e+00,  1.20203277e+00, -7.82168393e-01,         7.47148585e-01, -1.73130079e+00, -1.45652733e+00,         1.51175777e+00],       [ 1.10412536e+00, -1.72165148e+00,  1.76384830e+00,        -2.66504336e+00,  1.26239391e+00, -7.95214699e-01,         8.52534178e-01, -1.80669872e+00, -1.45267669e+00,         1.46005195e+00],       [ 1.11882487e+00, -1.67295434e+00,  1.82264293e+00,        -2.63970867e+00,  1.29020996e+00, -7.46099514e-01,         8.40639025e-01, -1.83671664e+00, -1.49186507e+00,         1.41438679e+00],       [ 1.14163863e+00, -1.76403639e+00,  1.73556400e+00,        -2.62675266e+00,  1.23966438e+00, -7.37324605e-01,         8.24530822e-01, -1.80266032e+00, -1.47494065e+00,         1.50934469e+00],       [ 1.08811216e+00, -1.72962040e+00,  1.76532343e+00,        -2.61237699e+00,  1.20610779e+00, -7.69189259e-01,         8.99456452e-01, -1.86342425e+00, -1.45003054e+00,         1.43917072e+00],       [ 1.13125088e+00, -1.72259841e+00,  1.78815077e+00,        -2.61803457e+00,  1.22150488e+00, -7.94377637e-01,         8.40578281e-01, -1.85421354e+00, -1.47265724e+00,         1.44124284e+00],       [ 1.13808086e+00, -1.73844342e+00,  1.73501095e+00,        -2.62782174e+00,  1.25793113e+00, -7.16765053e-01,         9.40776046e-01, -1.81299947e+00, -1.48268251e+00,         1.38966859e+00],       [ 1.10535803e+00, -1.76071823e+00,  1.69598286e+00,        -2.61497044e+00,  1.24756150e+00, -6.78802872e-01,         9.02991694e-01, -1.78877429e+00, -1.51383983e+00,         1.39857488e+00],       [ 1.08723654e+00, -1.81388250e+00,  1.66344050e+00,        -2.59527813e+00,  1.24723151e+00, -6.76520954e-01,         8.63958112e-01, -1.78028839e+00, -1.45422942e+00,         1.43659509e+00],       [ 1.09856125e+00, -1.75676381e+00,  1.71162801e+00,        -2.58380518e+00,  1.19112267e+00, -7.25291702e-01,         8.11802718e-01, -1.78608041e+00, -1.46917724e+00,         1.49363710e+00],       [ 1.04739453e+00, -1.75714799e+00,  1.69553748e+00,        -2.55636959e+00,  1.26314541e+00, -6.56273021e-01,         8.61183992e-01, -1.83871202e+00, -1.47186869e+00,         1.43564371e+00],       [ 1.11484749e+00, -1.81764710e+00,  1.65832909e+00,        -2.63875860e+00,  1.18853816e+00, -6.45527563e-01,         8.42352452e-01, -1.72216237e+00, -1.48780131e+00,         1.41724006e+00],       [ 1.09010408e+00, -1.78329553e+00,  1.65910343e+00,        -2.64029942e+00,  1.22473167e+00, -6.75978653e-01,         8.84819993e-01, -1.74787039e+00, -1.49858913e+00,         1.37934491e+00],       [ 1.08952642e+00, -1.77668386e+00,  1.60495295e+00,        -2.57458175e+00,  1.26964849e+00, -6.82611343e-01,         9.13732754e-01, -1.76296506e+00, -1.51360064e+00,         1.43472651e+00],       [ 1.13264456e+00, -1.73703591e+00,  1.62285145e+00,        -2.55373794e+00,  1.27906844e+00, -7.09716970e-01,         9.20996353e-01, -1.74235748e+00, -1.53130908e+00,         1.47742591e+00],       [ 1.05293092e+00, -1.74700536e+00,  1.57970528e+00,        -2.54172583e+00,  1.26097697e+00, -6.45687534e-01,         8.96156938e-01, -1.79732187e+00, -1.48152650e+00,         1.41176354e+00],       [ 1.08092032e+00, -1.71766858e+00,  1.54627288e+00,        -2.57603238e+00,  1.22485073e+00, -6.88585334e-01,         8.81406850e-01, -1.85412652e+00, -1.52821605e+00,         1.43271122e+00],       [ 1.08890410e+00, -1.79734182e+00,  1.54750956e+00,        -2.57681075e+00,  1.31105700e+00, -6.20329792e-01,         9.02623091e-01, -1.82077971e+00, -1.44134401e+00,         1.40400026e+00],       [ 1.10374566e+00, -1.72227914e+00,  1.57706904e+00,        -2.58658062e+00,  1.31810220e+00, -6.86507496e-01,         8.60469193e-01, -1.80558006e+00, -1.49302227e+00,         1.36937372e+00],       [ 1.08044919e+00, -1.78435595e+00,  1.59697276e+00,        -2.51120912e+00,  1.22626486e+00, -6.33573025e-01,         9.26028343e-01, -1.78073562e+00, -1.46987122e+00,         1.38722141e+00],       [ 1.10824196e+00, -1.73091894e+00,  1.58804012e+00,        -2.47734730e+00,  1.17300179e+00, -5.93340432e-01,         8.89098345e-01, -1.79332400e+00, -1.49386150e+00,         1.33683385e+00],       [ 1.12900491e+00, -1.79993745e+00,  1.60065645e+00,        -2.51191517e+00,  1.18212420e+00, -6.68798537e-01,         8.75171000e-01, -1.77978502e+00, -1.49848528e+00,         1.37006881e+00],       [ 1.03341703e+00, -1.74984973e+00,  1.54976282e+00,        -2.45292406e+00,  1.18752420e+00, -6.24884411e-01,         8.71409783e-01, -1.74628167e+00, -1.50711851e+00,         1.39056989e+00],       [ 1.06222633e+00, -1.79185795e+00,  1.55589328e+00,        -2.48693000e+00,  1.21862773e+00, -5.98134588e-01,         8.32595667e-01, -1.70284568e+00, -1.56474550e+00,         1.43379833e+00],       [ 1.04048548e+00, -1.76146327e+00,  1.58081245e+00,        -2.42689258e+00,  1.24600334e+00, -6.51514205e-01,         8.11865024e-01, -1.69421335e+00, -1.46417086e+00,         1.41803200e+00],       [ 1.04248814e+00, -1.73662852e+00,  1.61447600e+00,        -2.44190747e+00,  1.27844205e+00, -6.21439287e-01,         8.25450369e-01, -1.70598944e+00, -1.44049389e+00,         1.35840554e+00],       [ 1.07347308e+00, -1.71389328e+00,  1.54953034e+00,        -2.47240052e+00,  1.21243742e+00, -6.75262597e-01,         8.57828445e-01, -1.68903338e+00, -1.48976546e+00,         1.37463456e+00],       [ 1.01530282e+00, -1.74779874e+00,  1.55970908e+00,        -2.43200936e+00,  1.23929739e+00, -6.12137962e-01,         8.03026802e-01, -1.71272950e+00, -1.44317426e+00,         1.38460984e+00],       [ 1.01137232e+00, -1.77002686e+00,  1.57493175e+00,        -2.38672610e+00,  1.23302007e+00, -5.78003072e-01,         7.97862686e-01, -1.69398198e+00, -1.48735335e+00,         1.37656762e+00],       [ 1.06048976e+00, -1.75736938e+00,  1.60694470e+00,        -2.38616203e+00,  1.23278675e+00, -5.36855091e-01,         7.45999518e-01, -1.68518930e+00, -1.43422184e+00,         1.37871083e+00],       [ 9.74708215e-01, -1.72827413e+00,  1.54512845e+00,        -2.36263898e+00,  1.23785139e+00, -5.24142717e-01,         8.12783090e-01, -1.65342462e+00, -1.54640140e+00,         1.43528843e+00],       [ 9.24033964e-01, -1.74961859e+00,  1.59866673e+00,        -2.42156629e+00,  1.27657899e+00, -4.80797320e-01,         8.05562788e-01, -1.68273520e+00, -1.51007866e+00,         1.43263187e+00],       [ 9.30828848e-01, -1.67693225e+00,  1.59264484e+00,        -2.36365356e+00,  1.28065569e+00, -5.33913354e-01,         8.34798878e-01, -1.66566574e+00, -1.54571236e+00,         1.39803464e+00],       [ 9.86627519e-01, -1.70162637e+00,  1.54505999e+00,        -2.40633571e+00,  1.22234676e+00, -5.07999870e-01,         8.42538677e-01, -1.63031634e+00, -1.54486277e+00,         1.43305316e+00],       [ 9.54320554e-01, -1.64359044e+00,  1.58142279e+00,        -2.34592108e+00,  1.24223100e+00, -5.55294958e-01,         7.95511433e-01, -1.67662928e+00, -1.57674211e+00,         1.38686527e+00],       [ 9.87855530e-01, -1.69849393e+00,  1.65054376e+00,        -2.34729682e+00,  1.26566661e+00, -4.91015214e-01,         8.49149287e-01, -1.69542177e+00, -1.51056968e+00,         1.38998726e+00],       [ 9.13730189e-01, -1.69729902e+00,  1.61632911e+00,        -2.39141554e+00,  1.31764905e+00, -5.58478699e-01,         8.40093444e-01, -1.66711516e+00, -1.50306959e+00,         1.44464101e+00],       [ 8.92954982e-01, -1.66669044e+00,  1.64042945e+00,        -2.37011949e+00,  1.33127988e+00, -5.60434447e-01,         8.47858619e-01, -1.64377130e+00, -1.57832767e+00,         1.33968674e+00],       [ 8.82961857e-01, -1.61407261e+00,  1.62159282e+00,        -2.33655018e+00,  1.29224824e+00, -5.79400107e-01,         8.05210346e-01, -1.61775880e+00, -1.55441076e+00,         1.36230642e+00],       [ 8.53369381e-01, -1.59098940e+00,  1.58886853e+00,        -2.34559228e+00,  1.27687890e+00, -5.96763157e-01,         7.52128923e-01, -1.60196121e+00, -1.52953276e+00,         1.37593706e+00],       [ 9.00759388e-01, -1.65367973e+00,  1.57952644e+00,        -2.33484917e+00,  1.33728817e+00, -6.17325694e-01,         8.00751040e-01, -1.62628692e+00, -1.55473605e+00,         1.32168771e+00],       [ 8.81852265e-01, -1.68225408e+00,  1.62086967e+00,        -2.29880930e+00,  1.32848487e+00, -6.04483838e-01,         7.58206913e-01, -1.62513333e+00, -1.57910240e+00,         1.36484582e+00],       [ 9.21351193e-01, -1.63766284e+00,  1.53449659e+00,        -2.33837863e+00,  1.39567690e+00, -5.63529793e-01,         8.18161317e-01, -1.66807994e+00, -1.53804083e+00,         1.32956716e+00],       [ 9.17591094e-01, -1.64629835e+00,  1.54640896e+00,        -2.29638224e+00,  1.42581143e+00, -5.54006528e-01,         8.69125819e-01, -1.72031114e+00, -1.47907925e+00,         1.27592651e+00],       [ 8.81530560e-01, -1.65556803e+00,  1.49931003e+00,        -2.28154179e+00,  1.37157053e+00, -5.79851662e-01,         8.16450220e-01, -1.69588882e+00, -1.45886451e+00,         1.26135618e+00],       [ 8.44113871e-01, -1.62592745e+00,  1.48015554e+00,        -2.24610565e+00,  1.37011865e+00, -5.76771329e-01,         7.59869122e-01, -1.67858098e+00, -1.47678573e+00,         1.22886078e+00],       [ 8.36179876e-01, -1.64003135e+00,  1.47653023e+00,        -2.18856765e+00,  1.35384402e+00, -5.43842113e-01,         7.66201234e-01, -1.63188525e+00, -1.49419139e+00,         1.19832302e+00],       [ 8.85502185e-01, -1.69480724e+00,  1.53062064e+00,        -2.18179882e+00,  1.33900760e+00, -4.84435834e-01,         7.13204751e-01, -1.62988048e+00, -1.55045974e+00,         1.20686411e+00],       [ 7.97836097e-01, -1.62431625e+00,  1.53424107e+00,        -2.14357934e+00,  1.34806437e+00, -5.18826809e-01,         7.99497484e-01, -1.63250408e+00, -1.49076737e+00,         1.15641715e+00],       [ 7.82164088e-01, -1.66724970e+00,  1.56146832e+00,        -2.14633778e+00,  1.34192983e+00, -4.72507052e-01,         8.02811737e-01, -1.64341318e+00, -1.51850033e+00,         1.10505859e+00],       [ 7.72340424e-01, -1.72415928e+00,  1.53640679e+00,        -2.14591664e+00,  1.39784179e+00, -5.19381102e-01,         8.23576663e-01, -1.64342129e+00, -1.48524854e+00,         1.06229143e+00],       [ 7.22324740e-01, -1.73625305e+00,  1.57204226e+00,        -2.18291555e+00,  1.42997506e+00, -5.44545343e-01,         7.89603642e-01, -1.70141542e+00, -1.49740945e+00,         1.04802121e+00],       [ 7.91461816e-01, -1.77564907e+00,  1.49471927e+00,        -2.20392754e+00,  1.35149736e+00, -5.01166389e-01,         8.11895485e-01, -1.66489813e+00, -1.47829910e+00,         1.12150669e+00],       [ 8.12478806e-01, -1.70020450e+00,  1.58659782e+00,        -2.20114920e+00,  1.34628181e+00, -5.22500348e-01,         8.05476753e-01, -1.59095104e+00, -1.48650074e+00,         1.06704933e+00],       [ 8.19771668e-01, -1.73056308e+00,  1.58165092e+00,        -2.17548683e+00,  1.37069896e+00, -5.39977736e-01,         8.29284376e-01, -1.67700585e+00, -1.46467704e+00,         1.01942663e+00],       [ 7.23632457e-01, -1.67973627e+00,  1.50483104e+00,        -2.15959616e+00,  1.40642685e+00, -5.16284866e-01,         7.72699529e-01, -1.59852618e+00, -1.43111227e+00,         1.09979231e+00],       [ 6.97688677e-01, -1.67639466e+00,  1.48556104e+00,        -2.15303608e+00,  1.46335526e+00, -5.38880516e-01,         7.92955121e-01, -1.61941011e+00, -1.39817499e+00,         1.07888951e+00],       [ 7.44467958e-01, -1.64618973e+00,  1.51707690e+00,        -2.15669860e+00,  1.42864700e+00, -5.93903506e-01,         7.71574577e-01, -1.67495659e+00, -1.37491234e+00,         1.09933151e+00],       [ 6.89345291e-01, -1.64425998e+00,  1.48988206e+00,        -2.20825289e+00,  1.41953044e+00, -5.75670548e-01,         7.73234777e-01, -1.67313256e+00, -1.38556098e+00,         1.08033683e+00],       [ 7.11783999e-01, -1.68451199e+00,  1.52728510e+00,        -2.15854900e+00,  1.40520368e+00, -4.94112338e-01,         8.11699307e-01, -1.58064975e+00, -1.34396191e+00,         1.02499899e+00],       [ 6.79992622e-01, -1.73691077e+00,  1.51788405e+00,        -2.11488950e+00,  1.35499856e+00, -4.97338904e-01,         7.66764480e-01, -1.54790348e+00, -1.30299125e+00,         9.70193905e-01],       [ 6.78365512e-01, -1.76818145e+00,  1.57218090e+00,        -2.06162238e+00,  1.36867064e+00, -4.40520416e-01,         7.48147842e-01, -1.50016139e+00, -1.31083986e+00,         9.38491662e-01],       [ 7.31264867e-01, -1.74607528e+00,  1.51997029e+00,        -2.01717140e+00,  1.39283628e+00, -4.27929191e-01,         7.76032829e-01, -1.52974871e+00, -1.29878118e+00,         9.76245964e-01],       [ 6.77758506e-01, -1.79041400e+00,  1.56106379e+00,        -2.00296990e+00,  1.39659081e+00, -4.58134304e-01,         7.51442258e-01, -1.48502637e+00, -1.30818127e+00,         9.23977594e-01],       [ 7.25396715e-01, -1.82600830e+00,  1.60021109e+00,        -1.95715742e+00,  1.39500090e+00, -4.46318541e-01,         7.54714353e-01, -1.47004781e+00, -1.26557626e+00,         8.97834328e-01],       [ 7.71447376e-01, -1.81788546e+00,  1.55402346e+00,        -1.98991728e+00,  1.40651879e+00, -4.77584992e-01,         7.10484232e-01, -1.51062608e+00, -1.22419156e+00,         9.10096367e-01],       [ 7.81024765e-01, -1.84452679e+00,  1.61168610e+00,        -1.94527919e+00,  1.40888542e+00, -4.99217276e-01,         7.84752415e-01, -1.41626267e+00, -1.26141477e+00,         8.60941051e-01],       [ 8.11375875e-01, -1.90364852e+00,  1.59107684e+00,        -1.89516643e+00,  1.41948950e+00, -4.56594442e-01,         7.97313062e-01, -1.37755329e+00, -1.21587675e+00,         8.39459416e-01],       [ 7.66130448e-01, -1.87709212e+00,  1.58391849e+00,        -1.93995814e+00,  1.43026834e+00, -5.12266244e-01,         7.61334916e-01, -1.34295715e+00, -1.27442514e+00,         8.15860896e-01],       [ 7.53940990e-01, -1.84395032e+00,  1.60092043e+00,        -1.91996127e+00,  1.47096343e+00, -4.55740111e-01,         7.91876129e-01, -1.36700871e+00, -1.24418023e+00,         8.16094011e-01],       [ 7.38539539e-01, -1.87461656e+00,  1.61106611e+00,        -1.89645974e+00,  1.41959710e+00, -3.99210112e-01,         8.22244608e-01, -1.33026913e+00, -1.21398339e+00,         7.65701329e-01],       [ 7.36343093e-01, -1.88113580e+00,  1.63176282e+00,        -1.90261127e+00,  1.44411471e+00, -3.77412672e-01,         8.45902431e-01, -1.31603704e+00, -1.25586570e+00,         7.96997623e-01],       [ 7.72265038e-01, -1.82612420e+00,  1.57911835e+00,        -1.93525827e+00,  1.40652900e+00, -4.20742354e-01,         8.60101839e-01, -1.31664602e+00, -1.18278318e+00,         7.57021141e-01],       [ 6.90472407e-01, -1.92081236e+00,  1.59587496e+00,        -1.93319800e+00,  1.45808668e+00, -3.87253791e-01,         8.44906039e-01, -1.33133594e+00, -1.26340254e+00,         7.33910645e-01],       [ 6.85864657e-01, -1.95698138e+00,  1.53893211e+00,        -1.90567028e+00,  1.48507669e+00, -4.07606782e-01,         8.86125334e-01, -1.33992284e+00, -1.21964021e+00,         7.52758496e-01],       [ 6.95588936e-01, -1.99289408e+00,  1.54247770e+00,        -1.85833839e+00,  1.46167597e+00, -3.63093309e-01,         9.35174767e-01, -1.36034149e+00, -1.19767128e+00,         8.00665010e-01],       [ 6.44672561e-01, -1.94746354e+00,  1.50537843e+00,        -1.81636612e+00,  1.48173022e+00, -3.81772605e-01,         8.93339835e-01, -1.34409698e+00, -1.15593672e+00,         8.39286935e-01],       [ 6.60061313e-01, -1.89270735e+00,  1.51616920e+00,        -1.85262619e+00,  1.47324991e+00, -4.01363086e-01,         9.52373236e-01, -1.35846860e+00, -1.09681261e+00,         8.41543445e-01],       [ 6.05346126e-01, -1.99851465e+00,  1.48981511e+00,        -1.86155586e+00,  1.49787247e+00, -3.92102224e-01,         9.52249711e-01, -1.29250230e+00, -1.19802839e+00,         8.26672807e-01],       [ 6.40062127e-01, -1.94014968e+00,  1.53902205e+00,        -1.81790285e+00,  1.47212945e+00, -4.10332641e-01,         9.42636572e-01, -1.40142440e+00, -1.11740209e+00,         8.01903143e-01],       [ 6.66963389e-01, -1.96483841e+00,  1.56228394e+00,        -1.86163347e+00,  1.44423861e+00, -3.35039508e-01,         9.03348593e-01, -1.36698741e+00, -1.21584499e+00,         8.06598664e-01],       [ 6.02120998e-01, -1.98305148e+00,  1.55293713e+00,        -1.77159480e+00,  1.50576495e+00, -3.85312884e-01,         9.32596155e-01, -1.34459781e+00, -1.17231808e+00,         8.12359307e-01],       [ 6.53089895e-01, -1.99661277e+00,  1.55208284e+00,        -1.80106222e+00,  1.55196094e+00, -3.99321269e-01,         9.08305121e-01, -1.31848641e+00, -1.20941368e+00,         7.66542423e-01],       [ 6.42560731e-01, -1.95375517e+00,  1.56379960e+00,        -1.80244781e+00,  1.52055461e+00, -3.68710246e-01,         9.11904489e-01, -1.39649909e+00, -1.12665344e+00,         8.07554115e-01],       [ 6.33785724e-01, -2.01258484e+00,  1.56390360e+00,        -1.78013938e+00,  1.49161703e+00, -4.30107278e-01,         9.01908155e-01, -1.39507682e+00, -1.19597508e+00,         8.41363883e-01],       [ 6.15922885e-01, -1.96236214e+00,  1.49394310e+00,        -1.75018956e+00,  1.50614664e+00, -4.17603870e-01,         8.93583736e-01, -1.38239985e+00, -1.13100688e+00,         8.70270082e-01],       [ 6.65571640e-01, -1.98067781e+00,  1.52757005e+00,        -1.74461501e+00,  1.54411972e+00, -4.19556636e-01,         9.04377892e-01, -1.34792824e+00, -1.17897872e+00,         8.74710936e-01],       [ 5.99840886e-01, -1.94984532e+00,  1.54899940e+00,        -1.76305081e+00,  1.49330340e+00, -3.82727431e-01,         9.10993144e-01, -1.39513377e+00, -1.10833227e+00,         8.58750275e-01],       [ 5.72256463e-01, -1.96828495e+00,  1.47407343e+00,        -1.78403329e+00,  1.55723961e+00, -3.94847142e-01,         9.05442243e-01, -1.35280096e+00, -1.12597035e+00,         8.94334051e-01],       [ 6.67590063e-01, -1.91884814e+00,  1.45403613e+00,        -1.77861288e+00,  1.45473987e+00, -3.60163134e-01,         8.61949828e-01, -1.36312805e+00, -1.18025119e+00,         8.35562595e-01],       [ 6.67928989e-01, -1.96625370e+00,  1.44070093e+00,        -1.77405435e+00,  1.43544437e+00, -3.53455108e-01,         8.66362027e-01, -1.37625479e+00, -1.15669878e+00,         8.56980490e-01],       [ 6.90066441e-01, -1.91146919e+00,  1.43700572e+00,        -1.76503940e+00,  1.50702822e+00, -3.48536511e-01,         9.19500649e-01, -1.37020726e+00, -1.15149776e+00,         7.80075061e-01],       [ 7.21833637e-01, -1.90927540e+00,  1.37764370e+00,        -1.79177538e+00,  1.51120809e+00, -3.16380965e-01,         8.65871761e-01, -1.36432084e+00, -1.11537841e+00,         7.98025027e-01],       [ 7.73607279e-01, -1.96030763e+00,  1.35086048e+00,        -1.74146688e+00,  1.54300871e+00, -3.04412124e-01,         9.05827938e-01, -1.31679562e+00, -1.05865197e+00,         8.57847488e-01],       [ 7.30365199e-01, -2.01184258e+00,  1.29967647e+00,        -1.79969763e+00,  1.59962712e+00, -3.53040094e-01,         9.46836357e-01, -1.29457486e+00, -1.06014511e+00,         8.39450874e-01],       [ 7.56045014e-01, -1.98984696e+00,  1.40018263e+00,        -1.71438978e+00,  1.48611980e+00, -3.09029573e-01,         8.79584091e-01, -1.37331968e+00, -1.01249014e+00,         8.90368131e-01],       [ 7.53175489e-01, -1.92472060e+00,  1.32981707e+00,        -1.76452099e+00,  1.59438180e+00, -2.47182184e-01,         9.08654574e-01, -1.26256340e+00, -1.01209239e+00,         8.60011395e-01],       [ 7.37905345e-01, -1.89947805e+00,  1.32449428e+00,        -1.75189544e+00,  1.65323054e+00, -2.14312234e-01,         8.88767743e-01, -1.31188362e+00, -1.04990372e+00,         8.63233620e-01],       [ 7.43227779e-01, -1.88864144e+00,  1.38180135e+00,        -1.80317722e+00,  1.63758981e+00, -1.92294793e-01,         9.63791047e-01, -1.31801989e+00, -1.06518237e+00,         8.00707083e-01],       [ 7.30697228e-01, -1.97803679e+00,  1.30508057e+00,        -1.78179901e+00,  1.64882304e+00, -2.49948074e-01,         8.82043188e-01, -1.26220278e+00, -9.94889437e-01,         8.13360876e-01],       [ 7.84142888e-01, -1.88248710e+00,  1.37112706e+00,        -1.71766017e+00,  1.58020289e+00, -2.53925561e-01,         8.60844352e-01, -1.29546657e+00, -9.55533931e-01,         8.34166272e-01],       [ 8.33030425e-01, -1.83562083e+00,  1.42182760e+00,        -1.75892222e+00,  1.62576954e+00, -2.38086167e-01,         8.26119733e-01, -1.31405266e+00, -9.96343677e-01,         8.27488051e-01],       [ 7.34195882e-01, -1.92264889e+00,  1.33479062e+00,        -1.69473689e+00,  1.58905923e+00, -2.09126784e-01,         8.30200439e-01, -1.27991362e+00, -1.01140218e+00,         8.36110087e-01],       [ 7.77783060e-01, -1.86455370e+00,  1.27597538e+00,        -1.72439591e+00,  1.55592119e+00, -2.63422273e-01,         7.71421134e-01, -1.28109018e+00, -1.06594432e+00,         8.09509463e-01],       [ 7.94580008e-01, -1.88919066e+00,  1.24833394e+00,        -1.71353033e+00,  1.54158528e+00, -2.39119509e-01,         7.70956008e-01, -1.26510507e+00, -1.08353700e+00,         7.83954736e-01],       [ 7.50564862e-01, -1.83674101e+00,  1.28491424e+00,        -1.66096690e+00,  1.50383094e+00, -1.87140818e-01,         8.23246393e-01, -1.29107973e+00, -1.11058089e+00,         7.90126525e-01],       [ 7.12799571e-01, -1.84368888e+00,  1.24715236e+00,        -1.60728179e+00,  1.50308990e+00, -1.31470685e-01,         8.40639394e-01, -1.29296183e+00, -1.05445746e+00,         7.47309299e-01],       [ 7.28679156e-01, -1.82426227e+00,  1.23921314e+00,        -1.66015893e+00,  1.50221661e+00, -1.35654612e-01,         8.77449011e-01, -1.32216252e+00, -1.06748582e+00,         7.16129964e-01],       [ 1.22496988e+00, -1.66804295e+00,  2.71803929e+00,        -1.60357836e+00,  1.00582410e+00, -5.78448335e-01,         8.71104573e-02, -2.35980711e+00, -1.82770103e+00,         1.89077944e+00],       [ 1.49907568e+00, -1.82152618e+00,  2.29178333e+00,        -1.55539277e+00,  1.07015786e+00, -1.24475408e+00,         1.10949604e+00, -1.78793532e+00, -1.76601397e+00,         1.65639458e+00],       [ 1.10184992e+00, -1.68352094e+00,  2.16334906e+00,        -1.57824905e+00,  9.47953923e-01, -5.94172881e-01,         6.20031238e-01, -2.21548378e+00, -1.92321576e+00,         1.86313074e+00],       [ 7.42851607e-01, -1.80913195e+00,  8.66544632e-01,        -2.88328732e+00,  1.01655228e+00, -5.39190715e-01,         1.04729433e+00, -2.18314533e+00, -1.32852550e+00,         7.88851075e-01],       [ 8.53035316e-01, -1.80789113e+00,  1.39267964e+00,        -1.59665337e+00,  9.69208566e-01, -3.39810999e-01,         7.23071676e-01, -1.16432989e+00, -1.78742006e+00,         8.31258227e-01],       [ 2.63223584e-01, -1.94649086e+00,  2.25840613e+00,        -2.88968003e+00,  1.61484625e+00, -1.16389058e-01,         8.92765031e-01, -1.16990513e+00, -1.15342316e+00,         4.33831493e-01],       [ 1.58966992e+00, -1.62413264e+00,  2.37520409e+00,        -2.24979302e+00,  8.92849241e-01, -4.44870156e-01,         1.05513180e+00, -2.12758092e+00, -2.20790763e+00,         2.09175067e+00],       [ 1.02829114e+00, -2.06484589e+00,  1.93077171e+00,        -2.27462224e+00,  1.25721819e+00, -4.80442808e-01,         4.07919776e-01, -2.13806539e+00, -1.35158432e+00,         1.08911687e+00],       [ 9.76052295e-01, -1.85359783e+00,  1.06442644e+00,        -2.10923766e+00,  1.40135190e+00, -6.60049492e-01,         1.14108035e+00, -2.19772095e+00, -1.22579840e+00,         1.12003068e+00],       [ 1.02337099e+00, -1.69686036e+00,  2.28553858e+00,        -2.81425888e+00,  1.01977793e+00, -5.62901694e-01,         1.94229182e-01, -2.11515776e+00, -1.94117637e+00,         1.59781517e+00],       [ 4.12698116e-01, -1.64494890e+00,  1.72240289e+00,        -2.86633885e+00,  1.11577019e+00, -2.48251375e-01,         5.88364459e-01, -1.36395419e+00, -1.29215005e+00,         1.66130341e+00],       [ 1.26016653e+00, -1.70155212e+00,  2.68233014e+00,        -1.60780603e+00,  8.84913959e-01, -1.44182371e+00,         6.03404783e-01, -2.13487399e+00, -1.94640572e+00,         2.23258691e+00],       [ 1.34672877e+00, -1.69422850e+00,  1.89971736e+00,        -1.64853761e+00,  1.22390504e+00, -8.01249874e-01,         7.11689388e-01, -1.84576388e+00, -1.52849923e+00,         1.80561668e+00],       [ 1.04173236e+00, -1.80452777e+00,  1.55507358e+00,        -2.84171335e+00,  1.04128612e+00, -5.85924342e-01,         5.63360851e-01, -1.52351696e+00, -1.49075263e+00,         1.62698026e+00],       [ 1.26673630e-01, -1.73886632e+00,  1.07033907e+00,        -5.70502774e-01,  1.07054523e+00,  1.63640571e-01,         1.15876974e+00, -2.02768053e+00, -5.22942713e-01,         1.59576199e+00],       [ 5.01871008e-01, -1.72447163e+00,  2.12728008e+00,        -1.43491681e+00,  1.11190452e+00, -3.91080125e-01,         7.38740586e-01, -2.01492100e+00, -1.91560511e+00,         4.30519068e-01],       [ 1.62926769e+00, -1.49347462e+00,  1.19434368e+00,        -2.86532048e+00,  1.09998536e+00, -1.04855300e+00,         1.20489780e+00, -2.07972035e+00, -1.56306843e+00,         1.61132809e+00],       [ 1.06302641e+00, -1.47981183e+00,  1.82400451e+00,        -2.86284209e+00,  1.10711577e+00, -6.85441953e-01,         5.89859228e-01, -2.02472009e+00, -1.77940920e+00,         1.60694542e+00],       [ 1.31556618e+00, -1.98976646e+00,  2.06844812e+00,        -2.90921149e+00,  1.14346741e+00, -8.37031935e-01,         5.57982678e-01, -1.79239822e+00, -1.69105459e+00,         1.37633893e+00],       [ 1.02972883e+00, -1.51427240e+00,  2.08543606e+00,        -2.86445763e+00,  1.23904633e+00, -8.08656656e-01,         5.63928429e-01, -1.95702524e+00, -1.69943624e+00,         1.60636335e+00],       [ 9.32012086e-01, -1.69638076e+00,  2.30032738e+00,        -2.90824813e+00,  1.15795076e+00, -6.62082411e-01,         3.14579643e-01, -1.90250648e+00, -1.54268764e+00,         1.52053046e+00],       [ 1.85549688e+00, -1.71386067e+00,  2.07773449e+00,        -2.90335201e+00,  7.62655835e-01, -8.57152250e-01,         7.67084203e-01, -2.19767533e+00, -2.17085045e+00,         2.20302116e+00],       [ 5.02507462e-01, -1.67802824e+00,  2.05202075e+00,        -8.31207889e-01,  1.71812945e+00, -1.63632072e-01,         6.74362461e-01, -1.88690177e+00, -7.03471573e-01,         1.54292237e+00],       [ 4.96904197e-01, -1.88174670e+00,  2.01410197e+00,        -2.89349780e+00,  1.55515641e+00, -3.04788732e-01,         1.09655093e+00, -1.35963888e+00, -1.56324175e+00,         6.04063958e-01],       [ 9.97483675e-01, -1.31375507e+00,  1.83418160e+00,        -2.88093187e+00,  1.27556213e+00, -7.29373887e-01,         7.11536682e-01, -2.09032523e+00, -1.79382505e+00,         1.51297323e+00],       [ 6.38456355e-01, -1.63807551e+00,  1.19585422e+00,        -2.78750991e+00,  9.77889058e-01, -1.14194983e+00,         7.11986281e-01, -1.87956118e+00, -2.00931870e+00,         1.59426702e+00],       [ 1.08397359e+00, -1.20589059e+00,  1.52706325e+00,        -2.83664155e+00,  6.25629640e-01, -1.74153891e+00,         5.11750628e-01, -2.58094151e+00, -1.52752509e+00,         2.74920466e+00],       [ 9.98004738e-01, -1.94888476e+00,  1.59384672e+00,        -2.24185215e+00,  1.26873698e+00, -5.01573206e-01,         9.41956853e-01, -1.55038892e+00, -1.26143989e+00,         1.24271096e+00],       [ 4.91859792e-01, -1.62626572e+00,  5.32900026e-01,        -5.93170721e-01,  1.55537484e+00, -8.07139736e-02,         1.26880050e+00, -6.22354895e-01, -1.53775445e+00,         3.26934213e-01],       [ 1.17743002e+00, -1.61191908e+00,  1.95875516e+00,        -2.11106645e+00,  1.29605010e+00, -8.51972497e-01,         8.80022021e-01, -2.09422586e+00, -2.04173922e+00,         1.58080847e+00],       [ 7.71280967e-01, -1.45423421e+00,  1.33980095e+00,        -2.90065862e+00,  1.19850909e+00, -7.02197659e-01,         6.57406758e-01, -1.74328847e+00, -1.33324454e+00,         1.24565358e+00],       [ 1.14643683e+00, -1.66648874e+00,  1.35361028e+00,        -2.10347064e+00,  1.29728142e+00, -3.41037048e-01,         8.56326400e-01, -1.62558480e+00, -1.41213784e+00,         1.48819727e+00],       [ 6.09464218e-01, -2.02492866e+00,  1.52123113e+00,        -1.77461782e+00,  1.23996107e+00, -4.28109726e-01,         7.51616587e-01, -1.31757621e+00, -9.96209368e-01,         1.53219026e+00],       [ 1.36006136e+00, -1.60115805e+00,  2.84758012e+00,        -2.87836997e+00,  8.79139426e-01, -1.50438299e+00,         4.82574238e-01, -1.79291314e+00, -1.96451447e+00,         2.39947351e+00],       [ 8.54500226e-01, -1.72867903e+00,  1.90356324e+00,        -2.64407669e+00,  1.22139676e+00, -8.60558409e-01,         1.41662616e+00, -2.70272033e+00, -1.41758202e+00,         6.13461077e-01],       [ 8.84105714e-01, -1.68052202e+00,  1.59387596e+00,        -2.01219327e+00,  1.32894538e+00, -4.16997830e-01,         8.38456104e-01, -1.45739487e+00, -1.46133067e+00,         1.49090468e+00],       [ 5.22302906e-01, -1.72127460e+00,  1.93802683e+00,        -1.38983029e+00,  1.22177446e+00, -7.57807296e-01,         7.73803957e-01, -1.06740549e+00, -9.11011013e-01,         1.48393320e+00],       [ 1.58809374e+00, -1.62175182e+00,  2.19709696e+00,        -1.58625549e+00,  8.30384836e-01, -7.86552112e-01,         7.45519670e-01, -2.45389929e+00, -1.92746566e+00,         2.16326060e+00],       [ 1.19742081e+00, -1.57384711e+00,  1.27658281e+00,        -1.91338009e+00,  1.27905014e+00, -8.15566912e-01,         7.66956622e-01, -1.48400643e+00, -1.40180652e+00,         1.54603680e+00],       [ 6.53039478e-01, -2.14293409e+00,  1.13952857e+00,        -1.53165775e+00,  1.59104828e+00, -5.10754152e-01,         7.52714271e-01, -1.84065207e+00, -1.46498220e+00,         4.65759852e-01],       [ 1.59905705e-01, -1.66848667e+00,  5.45873703e-01,        -3.52575150e-01,  2.01399375e+00,  4.21400149e-01,         7.72117881e-01, -5.92490619e-01, -1.44123692e+00,        -1.73741639e-01],       [ 9.32103672e-01, -1.71232770e+00,  2.00572268e+00,        -2.66805505e+00,  1.56741874e+00, -7.62013176e-01,         8.15577112e-01, -2.00462180e+00, -1.56355942e+00,         1.14979749e+00],       [ 1.97876990e+00, -1.62466956e+00,  2.00990540e+00,        -1.63504165e+00,  1.20203277e+00, -1.12283243e+00,         1.16791082e+00, -2.18661256e+00, -1.45652733e+00,         1.51175777e+00],       [ 5.02783231e-01, -2.00106868e+00,  1.98670535e-01,        -2.66504336e+00,  1.63615685e+00, -1.05425530e+00,         7.65459833e-01, -1.38587512e+00, -1.45267669e+00,         1.22020765e-01],       [ 1.11882487e+00, -1.15943718e+00,  8.66970906e-01,        -2.50603702e+00,  7.76794383e-01, -7.43362765e-01,         3.76865368e-01, -2.13413146e+00, -1.60009007e+00,         2.06740550e+00],       [ 1.14163863e+00, -2.09166094e+00,  9.87360693e-01,        -2.45950286e+00,  1.95237701e+00,  4.63557200e-01,         9.86563660e-01, -1.80266032e+00, -1.47494065e+00,         1.50934469e+00],       [ 9.98918675e-01, -2.15008136e+00,  2.00468447e+00,        -2.61237699e+00,  1.32613808e+00, -6.47229691e-01,         6.92960537e-01, -1.41757380e+00, -1.40212442e+00,         9.85576124e-01],       [ 2.56784236e-01, -2.44556714e+00,  1.78815077e+00,        -2.38234160e+00,  2.41082850e+00,  4.42722196e-01,         1.67352649e+00, -6.66196929e-01, -1.47265724e+00,        -1.30623534e-01],       [ 1.13808086e+00, -1.85328746e+00,  2.00405501e+00,        -1.47649296e+00,  1.40020638e+00, -2.05461420e-01,         8.11006322e-01, -1.81299947e+00, -5.80129626e-01,         5.39332628e-01],       [ 1.10535803e+00, -1.76071823e+00,  1.69598286e+00,        -2.61497044e+00,  1.46439838e+00, -3.03736042e-01,         9.52383155e-01, -1.68336420e+00, -1.51383983e+00,         1.09560300e+00],       [ 1.31402378e+00, -1.50551027e+00,  2.15619072e+00,        -2.60904095e+00,  1.24723151e+00, -6.76520954e-01,         8.63958112e-01, -2.41986185e+00, -2.40775169e+00,         1.81372530e+00],       [ 1.09856125e+00, -1.75676381e+00,  4.85022950e-01,        -9.24464221e-01,  1.94212116e+00, -4.35983725e-01,         7.32486730e-01, -1.34044464e+00, -7.02949455e-01,         1.96875468e-01],       [ 5.82185744e-01, -1.77219820e+00,  1.95527294e+00,        -9.49561028e-01,  1.36320562e+00, -8.27468574e-01,         7.99586626e-01, -1.78502979e+00, -1.55927834e+00,         1.43564371e+00],       [ 4.39964789e-01, -1.81764710e+00,  1.49538192e+00,        -2.39706693e+00,  1.18853816e+00, -6.45527563e-01,         1.32982318e+00, -1.72216237e+00, -1.37817341e+00,         3.91214568e-01],       [ 7.54798628e-01, -1.78329553e+00,  1.37720539e+00,        -1.85453774e+00,  1.21324281e+00, -1.42878371e-01,         9.55393936e-01, -2.18804043e+00, -2.35625418e+00,         1.91291346e-01],       [ 1.27726318e+00, -1.73584564e+00,  1.31824483e+00,        -2.72073653e+00,  1.21215291e+00, -1.12302510e+00,         9.13732754e-01, -2.47945813e+00, -1.51360064e+00,         1.74631915e+00],       [ 1.13264456e+00, -1.90660859e+00,  1.99455670e+00,        -2.55373794e+00,  1.13104231e+00, -6.13528648e-01,         7.27749783e-01, -1.86214896e+00, -1.57918563e+00,         1.63920121e+00],       [ 2.04924042e+00, -1.74700536e+00,  1.57970528e+00,        -2.39298287e+00,  1.33097014e+00, -6.45687534e-01,         8.96156938e-01, -1.79732187e+00, -1.67828225e+00,         2.34301192e+00],       [ 1.07162567e+00, -1.71766858e+00,  2.35577899e+00,        -2.57603238e+00,  1.15903056e+00, -1.14885587e-01,         1.06712993e-01, -1.84831252e+00, -1.37983534e+00,         1.43271122e+00],       [ 6.95623170e-01, -2.00288099e+00,  1.54750956e+00,        -2.57681075e+00,  1.31105700e+00, -6.20329792e-01,         1.50708239e+00, -1.59718364e+00, -1.28501211e+00,         5.28646300e-01],       [ 1.42287133e+00, -1.72227914e+00,  1.57706904e+00,        -7.33129428e-01,  1.59015245e+00, -6.86507496e-01,         8.60469193e-01, -1.84273845e+00, -1.49302227e+00,         6.40255018e-01],       [ 7.79411270e-01, -1.93376950e+00,  1.59697276e+00,        -2.51120912e+00,  1.22626486e+00, -3.37684791e-01,         1.14471807e+00, -1.50163758e+00, -1.46987122e+00,         1.33104635e+00],       [ 1.10824196e+00, -2.32613519e+00,  1.37392695e+00,        -1.75794566e+00,  1.47022289e+00, -5.20408617e-01,         8.89098345e-01, -1.73681180e+00, -1.39151727e+00,         6.05093495e-01],       [ 1.22487773e+00, -1.59017369e+00,  1.60065645e+00,        -2.81791377e+00,  1.24703263e+00, -7.32137332e-01,         7.05362279e-01, -1.75149072e+00, -1.81272203e+00,         1.67798279e+00],       [ 2.87455865e-01, -1.70492300e+00,  2.10015365e+00,        -1.33627852e+00,  1.15141767e+00, -8.30754017e-01,         6.96784475e-01, -1.15670157e+00, -1.50711851e+00,         1.29554236e+00],       [ 1.01246789e+00, -1.79185795e+00,  2.13851054e+00,        -2.53569363e+00,  1.13216391e+00, -4.70184432e-01,         5.33984314e-01, -1.70284568e+00, -1.60722524e+00,         1.47203082e+00],       [ 6.41824707e-01, -1.92212181e+00,  2.84860684e+00,        -2.42689258e+00,  1.58101344e+00, -4.43504527e-01,         3.57005998e-01, -2.39863921e+00, -5.85562814e-01,         1.41803200e+00],       [ 1.71651082e-01, -1.91411093e+00,  5.18516153e-01,        -2.22649366e+00,  1.79079039e+00, -6.21439287e-01,         1.00335418e+00, -1.70598944e+00, -6.72477868e-01,         1.35840554e+00],       [ 1.20646975e+00, -1.71389328e+00,  1.56054753e+00,        -2.47240052e+00,  1.18693250e+00, -5.15710700e-01,         8.57828445e-01, -1.92092821e+00, -1.48976546e+00,         1.62232931e+00],       [ 1.01530282e+00, -1.74779874e+00,  1.84730426e+00,        -1.65206624e+00,  1.44963116e+00, -5.25414890e-01,         1.53712741e+00, -2.34548007e+00, -1.16106963e+00,         2.46212988e-01],       [ 7.83794778e-01, -1.53345790e+00,  1.57493175e+00,        -2.38672610e+00,  1.23302007e+00, -5.41344345e-01,         9.45153854e-01, -1.72861345e+00, -1.53637934e+00,         1.21290610e+00],       [ 4.03797918e-01, -2.12649590e+00,  1.31466708e+00,        -2.38616203e+00,  1.23278675e+00, -5.36855091e-01,         7.45999518e-01, -1.68518930e+00, -7.58294282e-01,         3.72192715e-01],       [ 8.20305555e-01, -1.86179086e+00,  1.54512845e+00,        -2.36263898e+00,  1.31137470e+00, -5.24142717e-01,         7.22270449e-01, -1.65342462e+00, -1.15891955e+00,         1.43528843e+00],       [ 9.24033964e-01, -1.74961859e+00,  1.97476744e+00,        -9.03643859e-01,  1.79361764e+00, -1.07385721e+00,         9.17758778e-01, -1.68273520e+00, -1.97899125e+00,         1.43263187e+00],       [ 1.01289806e+00, -1.71244958e+00,  1.65500247e+00,        -2.58725618e+00,  1.35257318e+00, -6.96993417e-01,         8.55736470e-01, -1.66566574e+00, -1.53901066e+00,         1.39803464e+00],       [ 4.67150952e-01, -1.70162637e+00,  1.66303926e+00,        -2.50952396e+00,  1.22234676e+00,  7.68266136e-02,         8.42538677e-01, -1.24803051e+00, -4.82169503e-01,         1.57439967e-01],       [-1.84346306e-03, -1.99835824e+00,  8.35068863e-01,         1.36922286e+00,  2.78215768e+00,  8.32326731e-01,         7.49956830e-01, -1.67662928e+00, -7.24349851e-01,        -7.70209185e-01],       [ 1.49525765e-01, -2.00719572e+00,  1.70671414e-01,        -2.34729682e+00,  1.86577705e+00,  3.74674024e-01,         8.49149287e-01,  4.35088531e-02, -1.51056968e+00,        -6.96073817e-01],       [ 2.23224880e-01, -1.38696164e+00,  1.61632911e+00,        -2.39141554e+00,  1.31764905e+00, -5.58478699e-01,         8.40093444e-01, -1.55416480e+00, -1.56532365e+00,         1.44464101e+00],       [ 1.20389571e+00, -1.66669044e+00,  2.18102278e+00,        -9.15240308e-01,  1.33127988e+00, -2.64763633e-01,         2.03440395e+00, -1.58120570e+00, -1.57832767e+00,         5.74505712e-01],       [ 8.82916628e-01, -1.10558488e+00,  1.70824306e+00,        -2.73075773e+00,  1.14940463e+00, -7.84334743e-01,         5.78311331e-01, -2.18357085e+00, -2.04728945e+00,         1.57754552e+00],       [-4.16392755e-02, -2.27270090e+00,  1.58886853e+00,        -2.34559228e+00,  1.41437192e+00, -1.48886022e-02,         7.52128923e-01, -1.60196121e+00, -1.52953276e+00,         1.64157362e+00],       [ 4.80730802e-01, -2.00069503e+00,  1.44299570e+00,        -2.17741664e+00,  1.33728817e+00, -4.58603823e-01,         6.91439551e-01, -1.57538473e+00, -7.77353454e-01,         1.32168771e+00],       [ 9.91640766e-01, -1.83720240e+00,  4.43127859e-01,        -9.51993157e-01,  1.32848487e+00, -1.73022115e-01,         1.28373091e+00, -2.46883803e+00, -1.81095848e+00,         1.36484582e+00],       [ 9.53219685e-01, -1.96602168e+00,  1.53449659e+00,        -2.33837863e+00,  1.36770655e+00, -7.20348627e-01,         8.11349422e-01, -1.66807994e+00, -1.27199337e+00,         1.32956716e+00],       [ 1.55255774e+00, -1.56253301e+00,  8.18771813e-01,        -9.07191724e-01,  1.42581143e+00, -5.54006528e-01,         6.87123945e-01, -1.72031114e+00, -1.02567790e+00,         1.21797803e+00],       [ 8.81530560e-01, -2.07564652e+00,  2.36484099e+00,        -2.20656254e+00,  1.37157053e+00, -5.79851662e-01,         9.92072480e-01, -2.33985225e+00, -1.45886451e+00,         5.42537320e-02],       [ 1.66096930e+00, -1.48522464e+00,  8.71791727e-01,        -1.56175308e+00,  1.27704542e+00, -2.41093432e-02,         7.59869122e-01, -6.55166991e-01, -2.36817629e+00,         1.22886078e+00],       [ 1.76965734e+00, -1.59712885e+00,  1.05016025e+00,        -2.18856765e+00,  1.50415735e+00, -3.82760600e-01,         8.92426615e-01, -1.69759421e+00, -1.49419139e+00,         1.34660226e+00],       [ 8.85502185e-01, -1.63310722e+00,  1.53062064e+00,        -8.86820915e-01,  1.33718421e+00, -1.30171836e+00,         6.45589472e-01, -1.62988048e+00, -1.89806973e+00,         1.06213892e+00],       [ 1.98552787e-01, -2.18114752e+00,  7.48941698e-01,        -2.14357934e+00,  1.89822899e+00, -6.63984760e-01,         7.99497484e-01, -1.34470540e+00, -5.30118060e-01,        -1.13989305e-01],       [ 5.90650814e-01, -1.35238468e+00,  1.38361659e+00,        -2.14633778e+00,  1.34192983e+00, -1.24575544e+00,         9.98062561e-01, -5.93399204e-01, -1.29164237e+00,         1.33442580e+00],       [ 7.72340424e-01, -1.69914671e+00,  1.75953367e+00,        -1.44138644e+00,  1.70054531e+00, -2.06312192e-01,         8.23576663e-01, -9.99156324e-01, -1.58560642e+00,         1.21343854e+00],       [-3.47350519e-01, -2.01831132e+00,  1.19522204e+00,        -2.12288349e+00,  1.56457789e+00,  1.65593442e-01,         7.89603642e-01, -1.70141542e+00, -1.49740945e+00,         1.01999212e+00],       [ 7.91461816e-01, -2.24715412e+00,  1.68424234e+00,        -2.49674797e+00,  1.35149736e+00, -3.61237080e-01,         1.03126931e+00, -1.66489813e+00, -1.17333736e+00,         1.12150669e+00],       [ 8.12478806e-01, -1.64335971e+00,  2.41654936e+00,        -2.20114920e+00,  1.06639473e+00, -5.58227425e-01,         2.00193728e-01, -1.59095104e+00, -1.80980423e+00,         1.80747462e+00],       [ 4.55867439e-01, -1.76312464e+00,  1.58165092e+00,        -1.67208099e+00,  1.55972052e+00, -6.43088771e-02,         1.03053222e+00, -7.40350456e-01, -6.22652334e-01,         7.55562853e-01],       [ 7.23632457e-01, -1.67973627e+00,  1.38675847e+00,        -9.76556968e-01,  1.23668930e+00, -5.16284866e-01,         1.21767961e+00, -1.59852618e+00, -1.43111227e+00,         2.00547588e+00],       [ 5.73389639e-01, -2.07928848e+00,  1.48556104e+00,        -8.94078595e-01,  1.46335526e+00, -5.19942379e-01,         7.92955121e-01, -1.61941011e+00, -1.08526378e+00,         2.57235603e+00],       [ 1.44698470e+00, -1.27187219e+00,  6.70394161e-01,        -1.49294970e+00,  1.42864700e+00, -7.90624371e-01,         1.53505577e+00, -1.17000285e+00, -2.32441750e+00,         5.78646136e-01],       [ 1.09279778e+00, -1.87658787e+00,  1.71116844e+00,        -2.20825289e+00,  1.00371585e+00, -9.88739169e-01,         1.26176841e+00, -1.12318225e+00, -9.87503591e-01,         1.08033683e+00],       [ 7.11783999e-01, -1.57528119e+00,  2.29936710e+00,        -1.80925013e+00,  9.95955057e-01, -1.20023086e+00,         8.11699307e-01, -2.28596262e+00, -2.30340534e+00,         2.49163651e+00],       [-2.61423463e-02, -1.80506616e+00,  2.53030739e+00,        -1.68162487e+00,  1.35499856e+00, -1.58754552e-01,         7.66764480e-01, -1.24729623e+00, -1.42880391e+00,         5.69719955e-01],       [ 6.78365512e-01, -1.76818145e+00,  1.90083780e+00,        -2.06162238e+00,  1.59632388e+00, -2.41381213e-01,         9.24028607e-01, -1.45522306e+00, -5.30050029e-01,        -2.96751894e-01],       [ 8.98490727e-01, -2.43038464e+00,  1.30849863e+00,        -1.58377861e+00,  1.08639918e+00, -4.27929191e-01,         6.22926174e-01, -1.52974871e+00, -7.80397848e-01,         2.18111042e+00],       [ 8.03688976e-01, -1.79041400e+00,  1.59988864e+00,        -9.15268065e-01,  1.39659081e+00, -7.16165987e-01,         1.34414533e+00, -1.48502637e+00, -1.30818127e+00,         1.18735653e+00],       [ 1.26164606e+00, -1.60242433e+00,  1.23222480e+00,        -1.57950161e+00,  1.46650588e+00,  2.17291240e-02,         1.20799903e+00, -2.32960919e+00, -2.42833107e+00,         8.97834328e-01],       [ 7.71447376e-01, -1.59222164e+00,  2.79911285e+00,        -2.79895383e+00,  1.10860123e+00, -6.60920303e-01,         7.10484232e-01, -1.51062608e+00, -1.22419156e+00,         1.66417148e+00],       [ 7.81024765e-01, -1.84452679e+00,  2.21306894e+00,        -1.85687465e+00,  1.40888542e+00, -9.19039230e-01,         1.13045960e+00, -1.73330594e+00, -1.68840791e+00,         1.48602666e+00],       [ 8.11375875e-01, -2.12044013e+00,  1.59107684e+00,        -9.35585972e-01,  1.41948950e+00, -4.56594442e-01,         1.00226381e+00, -1.16928380e+00,  1.24399396e-01,         5.90445791e-03],       [ 1.17074229e+00, -1.87709212e+00,  1.58391849e+00,        -9.36601795e-01,  1.08794600e+00, -1.22997835e+00,         1.16207900e-01, -1.34295715e+00, -1.00682958e+00,         1.73036323e+00],       [ 7.53940990e-01, -1.98121625e+00,  1.60092043e+00,        -1.71673026e+00,  1.77633877e+00, -4.55740111e-01,         1.32950312e+00, -1.46243510e+00, -1.14518900e+00,         2.30581746e-02],       [ 7.06846938e-01, -2.35656753e+00,  1.40509888e+00,        -1.89645974e+00,  2.32689242e+00, -3.99210112e-01,         8.22244608e-01, -5.86567985e-01, -9.40936223e-01,         7.65701329e-01],       [ 1.43198326e+00, -1.20202494e+00,  4.91674846e-01,        -1.21123409e+00,  6.34751631e-01,  2.65249629e-02,         6.70880747e-01, -2.41144316e+00, -1.98804387e+00,         2.77305864e+00],       [ 4.01750333e-01, -2.19667296e+00,  1.57911835e+00,        -2.01147482e+00,  1.24272596e+00, -6.77087664e-01,         1.02514074e+00, -1.31664602e+00, -9.25098230e-01,         7.57021141e-01],       [ 6.90472407e-01, -1.44204554e+00,  1.62456359e+00,        -1.33122990e+00,  1.46046983e+00, -1.03225714e+00,         8.44906039e-01, -2.53767859e+00, -1.38922438e+00,         2.11164741e+00],       [ 2.71842213e-01, -1.95698138e+00,  1.49095141e+00,        -6.67128010e-03,  1.39632382e+00, -1.15860135e+00,         1.63689278e+00, -1.05405743e+00, -1.27315769e+00,         1.23041710e+00],       [ 6.95588936e-01, -1.58413556e+00,  2.52669238e+00,        -1.85833839e+00,  1.09717015e+00, -6.49276260e-01,         1.38882755e+00, -1.36034149e+00, -2.38371867e+00,         9.34307911e-01],       [ 6.44672561e-01, -1.94746354e+00,  1.67176835e+00,        -1.81636612e+00,  1.18768978e+00, -1.19841888e+00,         1.65908463e+00, -3.91086379e-01,  2.30350965e-01,         1.02841792e+00],       [ 1.18682347e+00, -1.89270735e+00,  8.87888134e-01,        -1.19533326e-01,  1.42291902e+00, -5.94214997e-01,         9.52373236e-01, -1.45896775e+00, -2.24720676e+00,         8.41543445e-01],       [-6.73636104e-01, -1.99851465e+00,  2.22893599e+00,        -1.78528736e+00,  2.40371168e+00, -2.94850861e-01,         1.66883446e+00, -1.54638883e+00, -3.90675870e-01,         8.26672807e-01],       [ 6.40062127e-01, -1.41989658e+00,  1.53902205e+00,        -1.17570339e+00,  1.47212945e+00, -1.18586340e+00,         8.55817486e-01, -2.87182025e+00, -1.62377557e+00,         1.91064440e+00],       [ 6.66963389e-01, -1.96483841e+00,  2.94973439e+00,        -9.34462083e-01,  1.44423861e+00, -1.65098161e+00,         8.27645739e-01, -2.67881967e+00, -1.65128544e+00,         1.68025912e+00],       [ 9.19412083e-01, -8.06588863e-01,  4.72380882e-01,        -2.94198149e+00,  1.16653866e+00, -3.85312884e-01,         1.50263306e+00, -1.44302730e+00, -1.17231808e+00,         2.04421681e+00],       [-1.00101241e-01, -2.35894253e+00,  1.55208284e+00,        -2.17139130e+00,  1.55196094e+00, -6.58619559e-01,         9.08305121e-01, -1.31848641e+00,  7.25819553e-02,         7.66542423e-01],       [-1.50627209e-01, -1.95375517e+00,  8.89621721e-01,        -1.80244781e+00,  1.10185052e+00, -9.18211633e-01,        -1.63482804e-01, -1.39649909e+00, -1.12665344e+00,         8.07554115e-01],       [ 6.96441433e-01, -2.01258484e+00,  2.22542805e+00,        -2.17345256e+00,  1.33807753e+00, -2.95350505e-01,         9.01908155e-01, -1.76989133e+00, -1.40342670e+00,         1.15921373e+00],       [-4.22722559e-01, -2.76234478e+00,  5.28280848e-01,        -2.76419987e+00,  2.22897589e+00,  4.26657359e-01,         8.93583736e-01, -1.38239985e+00, -1.08043674e+00,         8.70270082e-01],       [ 1.74726050e+00, -1.31223909e+00,  1.42620234e+00,        -2.98485856e+00,  8.82613936e-01, -1.63806023e+00,         9.04377892e-01, -1.34792824e+00, -1.17897872e+00,         7.16323562e-01],       [ 6.94461993e-01, -1.94984532e+00,  6.23571453e-01,        -1.76305081e+00,  1.81084124e-01, -1.08734909e+00,         9.10993144e-01, -1.39513377e+00, -1.10833227e+00,         2.19426135e+00],       [ 1.25444952e+00, -1.91940883e+00,  1.47407343e+00,        -9.07393884e-01,  1.20128890e+00, -6.90411781e-01,         9.05442243e-01, -4.52299629e-01, -1.12344941e+00,         8.94334051e-01],       [ 5.49198674e-01, -1.91884814e+00,  5.69029302e-01,        -6.02212315e-01,  1.62257257e+00, -3.60163134e-01,         1.17642362e+00, -1.36312805e+00, -1.09328728e+00,         1.85008851e-01],       [ 1.66306396e+00, -1.96625370e+00,  1.75459552e+00,        -1.77405435e+00,  1.21949673e+00, -6.89944049e-01,         1.05000226e+00, -3.59432557e-01, -1.15669878e+00,         6.99579312e-01],       [ 6.90066441e-01, -1.91146919e+00, -5.52103200e-01,        -1.34702661e+00,  1.67512044e+00, -3.48536511e-01,         9.19500649e-01, -1.37020726e+00, -2.62159595e-01,         7.80075061e-01],       [ 1.16154770e+00, -2.17451847e+00,  1.05477357e+00,        -1.94950770e+00,  1.70405146e+00, -9.64994187e-02,         7.44391301e-01, -1.89184355e+00, -3.97579994e-01,         7.98025027e-01],       [ 7.73607279e-01, -1.96030763e+00,  1.92174349e+00,        -1.74146688e+00,  1.43294720e+00, -2.20916927e-01,         5.41257587e-01, -1.34193176e+00, -1.45341166e+00,         9.06512131e-01],       [ 7.30365199e-01, -2.01184258e+00,  1.22727235e+00,        -1.15242742e+00,  1.03947009e+00, -1.41791793e-01,         1.41191638e+00, -1.31049529e+00, -2.04737298e+00,         1.71518199e+00],       [ 7.07143005e-01, -1.98984696e+00,  1.40018263e+00,        -1.81913356e+00,  2.17957615e+00,  5.95866284e-01,         1.85033502e+00, -1.37331968e+00, -1.50730251e+00,         8.90368131e-01],       [ 6.86832116e-01, -1.92472060e+00,  1.69271513e+00,        -1.84379893e+00,  1.59438180e+00, -1.80871490e-01,         9.38646274e-01, -1.41410092e+00, -1.01209239e+00,        -1.60973604e-01],       [ 7.84446678e-01, -1.62853864e+00,  1.12838788e+00,        -8.64758493e-01,  1.22328151e+00, -1.22964783e+00,         3.67374063e-01, -1.31188362e+00, -4.15444716e-01,         2.40654905e+00],       [ 1.06239525e+00, -1.80220671e+00,  1.38180135e+00,        -1.23611392e+00,  9.14545135e-01,  3.13930497e-01,         5.75557263e-01, -1.31801989e+00, -7.32118775e-01,         5.81294848e-02],       [ 2.40858044e+00, -1.34390274e+00,  2.18076225e+00,        -2.97732568e+00,  1.64882304e+00, -1.68011696e+00,         1.13859463e+00, -1.26220278e+00, -9.94889437e-01,         8.13360876e-01],       [ 9.52532233e-01, -1.77413044e+00,  1.80576269e+00,        -7.63646061e-01,  1.99200862e+00, -7.85829714e-01,         4.19656505e-01, -2.82253757e+00, -9.55533931e-01,         2.04468699e+00],       [-4.20978252e-02, -2.01683976e+00,  1.42182760e+00,        -1.11337680e+00,  1.52810379e+00, -8.56851613e-01,        -4.14440135e-01, -1.31405266e+00, -8.99917431e-01,         8.27488051e-01],       [ 7.66662768e-01, -1.60009125e+00,  1.70922548e+00,        -1.69473689e+00,  1.58905923e+00, -1.64964941e-01,         8.30200439e-01, -1.11061508e+00, -1.97275315e+00,         8.35050024e-01],       [ 7.77783060e-01, -1.63429027e+00,  1.54539293e+00,        -4.05897564e-01,  1.39555469e+00, -1.56527596e+00,        -4.18538740e-01, -1.55305021e+00, -1.50059155e+00,         1.01907266e+00],       [ 7.94580008e-01, -1.41540963e+00,  1.24833394e+00,        -1.57673296e+00,  1.14581455e+00, -2.39119509e-01,         3.36281228e-01, -1.26510507e+00, -1.72578890e+00,         1.10353565e+00],       [ 8.40289388e-01, -1.73350195e+00,  2.13250956e+00,        -2.69148655e+00,  1.66646221e+00, -2.16421797e-01,         8.23246393e-01, -1.34084411e+00, -1.58659986e+00,         1.15305618e+00],       [ 4.72634540e-01, -1.57978529e+00,  1.00872347e+00,        -1.60728179e+00,  1.18265702e+00, -1.31470685e-01,         8.76414105e-01, -1.29296183e+00, -2.01035830e+00,         7.47309299e-01],       [-3.05666010e-01, -1.82426227e+00,  1.23921314e+00,        -1.29565711e+00,  1.13081331e+00, -4.79850072e-01,        -6.02313995e-02, -2.24531724e+00, -2.54944968e+00,         7.16129964e-01]])
all_costs=array([49.81264992, 50.11763305, 50.16297406, 52.12830453, 50.34623338,       50.27936157, 49.90835862, 48.58314582, 50.2426113 , 46.02797459,       45.80987807, 43.66882087, 43.03265854, 42.73115916, 42.10910598,       43.49493261, 43.57781261, 41.0710507 , 39.97921808, 39.84883336,       39.25566207, 37.49937737, 37.17256806, 36.12696283, 36.6018816 ,       36.6522707 , 35.19948883, 35.02268509, 36.39163231, 36.94897724,       36.09825151, 34.03823187, 33.02711262, 34.51594783, 32.17241065,       31.29823562, 31.35309621, 32.67175056, 30.4089313 , 30.95494558,       30.13793714, 28.96371779, 29.03404798, 27.09413555, 27.81758975,       27.1258846 , 26.52989558, 27.62320485, 25.77012774, 25.40496779,       24.77839786, 26.31901272, 25.01241256, 25.53697233, 25.09479636,       23.90683691, 24.14155412, 23.57736516, 25.10279727, 23.59285725,       24.5751729 , 22.99795672, 23.59846007, 23.9316299 , 22.4192938 ,       23.06550142, 22.05977326, 22.13637812, 22.46971904, 21.99368568,       21.5405835 , 22.3023513 , 21.05462459, 21.59836949, 20.89412809,       21.35568244, 21.53754374, 21.33585442, 20.93907485, 20.52317084,       20.46465488, 20.60753328, 19.96859562, 20.15757465, 19.93224546,       19.10528839, 18.71267693, 18.42277104, 17.45754877, 18.37020267,       16.88448432, 16.87210736, 16.07517628, 16.72588742, 16.74961774,       16.95386516, 16.79975973, 15.85455711, 15.365     , 16.29271095,       16.34192158, 15.1733616 , 14.40397577, 13.94884472, 13.74247111,       13.28086612, 13.0408149 , 13.53535148, 12.75754606, 12.14108921,       12.21324238, 12.13277115, 11.65208331, 11.81158695, 11.68259059,       11.64532227, 11.3046864 , 11.28587249, 10.84463699, 10.98141177,       10.90953003, 10.9739186 , 11.30810859, 10.84025964, 10.99210292,       11.07892508, 11.12178239, 10.70318594, 10.96480244, 10.83753989,       10.76626896, 10.62778581, 10.63127727, 10.56777672, 10.51659788,       10.4860258 , 10.62708305, 10.53929663, 10.39711541, 10.53322371,       10.81554179, 10.4119958 , 10.24311577, 10.70796759, 10.06286374,        9.9106557 ,  9.78545431,  9.6664642 ,  9.27443927,  9.46658305,       41.72845377, 21.54369806, 27.90830426, 22.38795653, 11.08575982,       18.12321794, 39.90303717, 27.19358901, 15.77591385, 51.82411357,       25.35314364, 34.61187454, 21.56578611, 30.12456399, 11.26262375,       15.43398576, 32.27630087, 40.98679712, 38.00098105, 40.42728161,       43.6129941 , 57.75604578, 12.15083875, 19.44284874, 39.39410038,       28.88967636, 58.00807306, 16.69844117, 15.62659549, 27.67095641,       27.72670925, 17.97248144, 11.94494416, 57.66113567, 26.78758406,       16.0624313 , 10.61572253, 35.49884119, 16.09727143, 10.3303929 ,       16.9469162 , 27.75501177, 24.65385042, 10.69278848, 39.91767407,       19.41034939, 21.93137507, 23.30623287, 13.13448085, 22.74774091,       45.45523387,  9.08223314, 12.59490198, 13.74972409, 17.57040317,       33.50018115, 30.1609284 , 33.24188147, 41.65351654, 15.13141204,       11.63589178, 17.77506133, 12.86239053, 33.67331112, 11.19111352,       31.11266984, 33.47206736, 11.60990451, 26.4379227 , 15.18741245,       19.99677003, 12.58369865, 18.8780726 , 14.96691435, 23.47213716,       13.26436209, 48.09399035, 10.9924854 , 17.93934892, 17.74040393,       42.68671933, 16.12452037, 13.66788065, 12.98879979, 18.27778592,       10.12161614, 22.45129652, 13.54983195, 20.85245417, 11.41330512,        9.85230313, 10.41374344, 11.63932616, 11.73432041, 17.4286744 ,       33.71021543,  9.92728116, 13.15206068, 15.35678178, 11.85852448,       13.81763957, 32.36484329, 12.11397404, 12.17646074, 14.60906832,       12.79476627, 18.95442254, 34.2252863 , 17.97772685, 11.97074931,       12.96519739, 12.61130245, 14.59075583, 28.04354584, 10.86761302,       18.7039547 , 28.26268445, 18.73346565, 16.34869375, 12.83151277,       25.11736677, 19.11945371, 22.72810471, 20.65470302, 12.22601235,        9.66142086, 19.2063868 , 16.47906782, 31.49903136, 13.47937185,        9.56695381, 13.86878829, 11.34698664, 10.68993894, 13.32460531,       13.68700719, 14.35558164, 20.4105138 , 10.79774285, 11.19766789,        7.94293975, 33.47977319, 18.24477602,  8.02618412, 12.6279699 ,       11.70677636, 13.65280366, 22.91054227,  9.67289543, 15.92176298])
all_uncers=array([0., 0., 0., 0., 0., 0., 0., 0., 0., 0., 0., 0., 0., 0., 0., 0., 0.,       0., 0., 0., 0., 0., 0., 0., 0., 0., 0., 0., 0., 0., 0., 0., 0., 0.,       0., 0., 0., 0., 0., 0., 0., 0., 0., 0., 0., 0., 0., 0., 0., 0., 0.,       0., 0., 0., 0., 0., 0., 0., 0., 0., 0., 0., 0., 0., 0., 0., 0., 0.,       0., 0., 0., 0., 0., 0., 0., 0., 0., 0., 0., 0., 0., 0., 0., 0., 0.,       0., 0., 0., 0., 0., 0., 0., 0., 0., 0., 0., 0., 0., 0., 0., 0., 0.,       0., 0., 0., 0., 0., 0., 0., 0., 0., 0., 0., 0., 0., 0., 0., 0., 0.,       0., 0., 0., 0., 0., 0., 0., 0., 0., 0., 0., 0., 0., 0., 0., 0., 0.,       0., 0., 0., 0., 0., 0., 0., 0., 0., 0., 0., 0., 0., 0., 0., 0., 0.,       0., 0., 0., 0., 0., 0., 0., 0., 0., 0., 0., 0., 0., 0., 0., 0., 0.,       0., 0., 0., 0., 0., 0., 0., 0., 0., 0., 0., 0., 0., 0., 0., 0., 0.,       0., 0., 0., 0., 0., 0., 0., 0., 0., 0., 0., 0., 0., 0., 0., 0., 0.,       0., 0., 0., 0., 0., 0., 0., 0., 0., 0., 0., 0., 0., 0., 0., 0., 0.,       0., 0., 0., 0., 0., 0., 0., 0., 0., 0., 0., 0., 0., 0., 0., 0., 0.,       0., 0., 0., 0., 0., 0., 0., 0., 0., 0., 0., 0., 0., 0., 0., 0., 0.,       0., 0., 0., 0., 0., 0., 0., 0., 0., 0., 0., 0., 0., 0., 0., 0., 0.,       0., 0., 0., 0., 0., 0., 0., 0., 0., 0., 0., 0., 0., 0., 0., 0., 0.,       0., 0., 0., 0., 0., 0., 0., 0., 0., 0., 0.])
best_cost=7.942939749335084
best_params=array([ 1.06239525, -1.80220671,  1.38180135, -1.23611392,  0.91454513,        0.3139305 ,  0.57555726, -1.31801989, -0.73211878,  0.05812948])
best_index=290
worst_cost=58.00807306222491
worst_index=176
cost_range=50.06513331288983
fit_count=1
costs_count=300
params_count=0
update_hyperparameters=True
length_scale=array([ 3.18915038,  2.98214857,  3.48301734,  1.98250457,  2.55152907,       17.2051865 ,  1.86321774,  2.40784261,  4.49947916,  4.84554697])
noise_level=9.999999999999997e-06
predicted_best_parameters=array([-1.17457707, -1.88617123,  0.4421824 , -0.95989414,  0.28603528,        1.17147256, -0.41316483, -0.58378898, -0.66495573, -0.19923391])
predicted_best_scaled_cost=array([-1.84171416])
predicted_best_scaled_uncertainty=array([0.33239641])
predicted_best_cost=array([0.77548533])
predicted_best_uncertainty=array([0.02858507])
