archive_type='neural_net_learner'
num_params=48
min_boundary=array([-10., -10., -10., -10., -10., -10., -10., -10., -10., -10., -10.,       -10., -10., -10., -10., -10., -10., -10., -10., -10., -10., -10.,       -10., -10., -10., -10., -10., -10., -10., -10., -10., -10., -10.,       -10., -10., -10., -10., -10., -10., -10., -10., -10., -10., -10.,       -10., -10., -10., -10.])
max_boundary=array([10., 10., 10., 10., 10., 10., 10., 10., 10., 10., 10., 10., 10.,       10., 10., 10., 10., 10., 10., 10., 10., 10., 10., 10., 10., 10.,       10., 10., 10., 10., 10., 10., 10., 10., 10., 10., 10., 10., 10.,       10., 10., 10., 10., 10., 10., 10., 10., 10.])
start_datetime='2020-01-29_13-40'
bad_run_indexs=[[]]
generation_num=3
search_precision=1e-06
parameter_searches=48
hyperparameter_searches=48
bad_uncer_frac=0.1
trust_region=array([16., 16., 16., 16., 16., 16., 16., 16., 16., 16., 16., 16., 16.,       16., 16., 16., 16., 16., 16., 16., 16., 16., 16., 16., 16., 16.,       16., 16., 16., 16., 16., 16., 16., 16., 16., 16., 16., 16., 16.,       16., 16., 16., 16., 16., 16., 16., 16., 16.])
has_trust_region=True
predict_global_minima_at_end=True
predicted_best_parameters=array([ 10.        , -10.        ,  -3.02568706, -10.        ,       -10.        ,  10.        ,  10.        ,  -8.19187227,       -10.        ,  10.        ,  10.        , -10.        ,       -10.        ,  10.        , -10.        ,  10.        ,       -10.        , -10.        , -10.        ,  10.        ,        -4.26450974,  10.        , -10.        , -10.        ,         7.38434537,  10.        ,  -8.75909839,   2.02606978,       -10.        ,   9.29159729,   9.26124448,  -1.81613341,       -10.        ,  10.        , -10.        , -10.        ,        -5.52459856,  10.        ,  -5.36655511,  10.        ,       -10.        ,  10.        ,  10.        ,  10.        ,       -10.        ,  10.        ,  -7.70914995,  -6.57018927])
predicted_best_scaled_cost=-10912.623997857125
predicted_best_cost=-10912.623997857125
all_params=array([[-7.39942856e+00, -9.61266084e+00,  3.57671066e+00,        -5.76743768e+00, -4.68906681e+00, -1.68536814e-01,        -8.93274910e+00,  1.48235211e+00, -7.06542850e+00,         1.78611074e+00,  3.99516720e+00, -7.95331142e+00,        -1.71888024e+00,  3.88800315e+00, -1.71641461e+00,        -9.00093082e+00,  7.17928118e-01,  3.27589290e+00,         2.97782241e-01,  8.89189512e+00,  1.73110081e+00,         8.06803831e+00, -7.25050592e+00, -7.21447305e+00,         6.14782577e+00, -2.04646326e+00, -6.69291606e+00,         8.55017161e+00, -3.04468281e+00,  5.01624206e+00,         4.51995971e+00,  7.66612182e+00,  2.47344414e+00,         5.01884868e+00, -3.02203316e+00, -4.60144216e+00,         7.91772436e+00, -1.43817620e+00,  9.29680094e+00,         3.26882996e+00,  2.43391440e+00, -7.70508054e+00,         8.98978517e+00, -1.00175733e+00,  1.56779229e+00,        -1.83726394e+00, -5.25946040e+00,  8.06759041e+00],       [ 6.70766277e-01, -9.95296298e+00,  2.34289827e+00,        -3.46710196e+00,  5.41162045e-01,  7.71884199e+00,        -3.90238737e+00,  8.17070302e+00,  1.80305668e+00,        -9.68357514e+00,  8.58874467e+00,  2.46840151e+00,         9.94645701e+00, -6.55318983e+00, -7.25728501e+00,         5.85325479e+00,  3.93636323e+00, -8.67999655e+00,         5.10926105e+00,  5.78928802e+00,  8.46049071e+00,         4.82707302e+00, -7.66998233e+00, -9.62654121e+00,        -9.33182915e+00, -9.43387024e+00, -5.24638225e+00,         7.55751172e+00,  7.76621287e-01,  1.05643957e+00,         6.84061785e+00, -6.05729974e+00, -4.41632642e+00,         1.71518543e+00,  9.39191497e+00,  1.22060439e+00,        -7.74509021e+00,  6.01265345e+00, -2.81178339e+00,         6.14210391e+00, -2.24278712e+00,  5.79842868e+00,         5.69848482e+00,  1.12480468e+00, -7.27089549e+00,        -8.80164621e+00, -7.57313089e+00, -7.13348705e+00],       [-7.85011742e+00, -6.37803389e+00,  4.25977961e+00,         1.19433964e+00, -9.74888040e+00, -6.96538483e+00,         9.34552660e+00,  2.29953487e+00, -5.93413531e+00,        -5.88294595e+00,  5.53968654e+00, -6.09141038e+00,         3.27932754e+00,  8.86379459e+00,  5.87187087e+00,        -5.20304482e+00, -1.24605715e-01,  7.37635184e-01,         6.57961799e+00, -6.86417211e+00, -7.21369182e+00,        -8.59955713e+00, -1.08528552e+00, -7.22895465e-02,        -5.18287057e-01, -4.74253315e+00,  9.77232309e+00,         2.24945613e+00, -2.39717655e+00,  1.01896438e+00,         5.12076504e+00,  3.34631100e+00, -4.70160885e+00,        -8.67330331e+00, -4.61695205e-01,  2.59435014e+00,        -6.16329241e+00,  5.05823957e+00, -8.66927037e+00,        -4.68858591e+00,  6.09509127e+00, -6.13131435e+00,         2.78921762e+00,  4.93406182e-01,  7.32082513e+00,        -5.47172899e+00, -8.78454362e+00,  3.86813151e+00],       [ 4.01494057e+00,  7.81313189e+00,  8.63944138e+00,        -9.72096854e+00, -6.19135371e+00,  1.74013867e+00,         9.15089367e+00,  9.00352238e+00,  1.13306376e+00,         8.31212700e+00,  2.83132418e+00, -2.23549647e+00,        -2.80186658e-01,  3.21938316e+00,  9.90958430e-01,         8.52362853e+00,  8.37466871e+00, -2.10248774e+00,         9.28654427e+00, -6.67121430e+00, -7.62673472e+00,        -7.64956283e+00,  1.13243314e-01, -9.56950389e+00,         8.95940422e+00,  6.54230942e+00, -5.98395374e+00,        -6.47607489e+00, -3.35872851e+00, -7.38006310e+00,         6.18981384e+00, -3.10526695e+00,  8.80214965e+00,         8.43831644e-02,  7.57663969e+00,  6.89468891e+00,         7.96000268e+00, -8.02394684e-01, -5.31411049e-01,         5.97207182e+00, -4.21770106e+00, -2.59306869e-01,         1.98220615e+00, -9.68933449e+00,  2.40656814e+00,        -1.32647302e+00,  3.89907997e+00, -3.69510394e+00],       [ 6.20582522e+00,  1.33869470e+00, -6.31979597e+00,         5.75858468e+00, -5.38081410e-02, -8.97385775e+00,         3.43631066e-01,  3.58137673e+00,  8.37203556e+00,        -9.99195950e+00,  9.53518298e+00, -2.50281705e+00,         9.47567077e+00,  3.22633391e+00,  6.57691616e+00,         1.49423009e+00,  2.56152397e+00, -4.28847437e+00,         1.97614564e+00,  4.35228739e+00,  6.12454825e+00,         3.13876449e+00,  3.96114497e+00,  7.28958860e+00,        -3.54638006e+00,  3.41577582e+00,  1.08895966e+00,        -2.35794496e+00, -1.78377300e+00, -1.97040833e+00,        -3.65232108e+00,  2.43838736e+00, -1.39505458e+00,         6.87277324e+00,  3.55601783e+00, -6.02860223e+00,        -1.53565685e+00, -3.13307520e+00,  3.82366245e+00,         7.59996577e+00,  8.08598291e+00,  3.16737163e+00,        -4.59583476e+00, -4.95266597e+00,  7.28961330e+00,         5.54292926e-01,  3.80956916e+00,  1.44977034e+00],       [ 3.30645075e+00,  1.84028566e-01,  5.41767821e+00,         1.37715981e+00, -2.43169306e+00, -3.47704852e+00,        -5.51848262e+00, -2.44151641e+00, -8.40747845e+00,         9.65634227e+00, -6.36774297e+00,  6.16296164e+00,         7.49923290e+00,  4.66058549e+00,  1.38988825e+00,        -6.78057126e+00, -6.62399545e-01, -3.09655898e+00,        -5.05002006e+00,  1.33820515e+00, -4.13360259e+00,         5.94412244e+00,  8.19271050e+00, -4.85763412e+00,        -7.78217399e+00, -6.14074536e+00,  1.87941360e+00,         4.57171336e+00, -5.83611123e+00, -5.03932883e+00,         7.03343750e+00, -1.68302563e+00,  2.33370134e+00,        -5.95133768e+00, -7.96065481e+00,  3.17140339e-01,        -5.35093760e-01, -6.94656712e+00,  7.76355683e-01,         8.80202376e-01,  3.11563546e+00, -7.12807010e+00,         5.03055634e+00, -5.55901720e+00,  1.02188868e+00,         5.70592056e+00, -9.61557149e+00, -3.51275081e+00],       [ 5.84343863e+00,  6.57486330e+00,  7.68811852e-01,         7.33216548e+00,  5.43541077e+00,  5.73033917e+00,         7.57036954e+00, -8.02513196e+00,  3.02608665e+00,         4.07033976e+00,  2.20481625e+00,  5.91921210e+00,        -9.30857560e+00,  6.06276376e+00,  4.63457201e+00,        -4.80603213e+00, -4.85861402e+00,  2.64606635e+00,        -2.71457340e+00,  5.24338384e+00, -1.61855939e+00,         3.62018648e+00,  9.80943567e+00, -3.99503321e+00,        -7.13988343e+00,  8.02616873e+00,  2.56057372e+00,         9.49480742e+00,  2.73208800e+00,  9.87826049e+00,         9.21416083e-01,  5.28518678e-01, -7.29144194e+00,        -3.83680439e+00, -9.47562865e+00, -6.79209641e+00,         4.79098696e+00, -9.39200620e+00, -3.64754068e+00,         7.24692506e+00,  3.88277802e+00,  3.72811222e+00,        -6.22726398e+00, -1.16191439e+00,  2.18421122e+00,         9.79503415e+00, -6.48966127e+00, -5.04534196e+00],       [-5.24158931e+00,  4.71985767e+00, -8.60493451e-01,        -8.86141123e+00, -1.73604175e+00, -5.96541984e+00,         6.64585975e+00, -4.05337237e+00, -9.44787976e+00,         1.86864899e+00,  6.87680858e+00, -2.41450635e+00,         4.99716621e+00,  1.62281995e+00,  8.19036099e-01,         9.18868642e+00,  6.07921783e+00, -9.35353867e+00,         4.35618940e+00, -1.10181168e+00,  7.80094643e+00,        -6.14697236e+00, -4.65855961e+00, -8.37052070e+00,        -1.42762343e+00, -7.81962472e+00,  4.05720987e+00,         6.05926475e+00,  3.93600992e+00,  5.32422762e+00,        -3.15091760e+00,  6.91702966e+00, -1.42462450e+00,         4.27736909e+00,  2.52992317e+00, -7.13153903e+00,        -8.44506199e+00, -9.63334714e+00, -8.84360711e+00,        -8.28323726e-01, -7.64884810e+00, -9.44798138e+00,         5.09722963e+00, -2.10299039e+00,  5.27301991e+00,        -9.51903465e-01, -2.25155124e+00, -4.38549866e-01],       [-1.39688439e+00,  5.75964388e+00, -1.95214960e+00,         8.09372321e+00, -9.39771648e+00,  4.73040030e+00,        -4.56198236e+00,  2.37027134e+00, -9.79271477e+00,         7.72545652e-01, -9.93964087e+00,  8.93692673e+00,         8.10804067e+00,  6.50364761e+00,  8.30548640e+00,        -7.08883538e+00, -6.84539860e+00, -6.24736654e+00,         2.66872621e+00,  7.33341462e+00,  8.59760307e+00,         2.37384572e+00,  4.63600818e+00,  8.18586409e+00,        -1.98252535e+00, -5.00298640e+00, -3.41330813e+00,        -7.61085899e+00,  6.25221176e+00, -7.06415253e+00,        -4.71405035e+00,  6.38178357e+00, -3.78825496e+00,         7.02204917e+00, -4.66722596e+00,  6.73066899e-01,        -3.76200985e+00,  8.21545662e+00, -3.64730591e+00,        -1.32815345e+00,  2.92230555e-01,  8.65444028e+00,        -9.38101987e+00,  4.33757327e+00,  7.96432399e+00,        -9.45425553e+00, -1.01264952e+00, -3.48020376e+00],       [ 5.59963025e+00,  9.59192836e-01,  3.80455736e+00,        -9.42930001e-01,  2.10725317e-01, -4.47811807e+00,        -6.49877776e+00,  1.53511870e+00, -3.77111572e+00,         3.45351970e-01,  8.32811706e+00, -1.50948845e+00,        -5.05207927e+00, -7.73639252e-01,  8.63722233e+00,         8.73736763e+00,  6.88659897e+00,  8.40413029e+00,        -4.99447132e+00, -8.32595549e+00, -5.72968924e+00,        -4.52970765e+00, -6.50468247e+00,  2.14188324e+00,        -1.72827170e+00,  6.32703024e+00, -3.22344062e+00,         4.03753060e+00, -5.19288750e+00,  1.48438178e+00,        -3.02024806e+00, -8.86071201e+00, -5.42372658e+00,         1.50670355e+00, -5.49981328e-02,  3.80319681e-01,        -6.53412747e+00,  1.41431703e+00,  7.27446412e+00,         6.33670218e+00,  1.92602410e+00,  9.39162000e+00,         8.03125169e+00,  1.91215867e+00, -8.07347787e+00,        -8.12845808e+00, -8.87459609e+00, -9.65337026e-01],       [-3.18590186e+00,  9.13828532e+00, -6.64033414e+00,         9.45575184e+00,  2.47232589e+00,  5.68905008e+00,         3.88140989e+00,  3.37465540e+00, -4.62353330e-01,        -9.73727286e+00, -2.93987829e+00, -2.03544439e-01,         4.60182422e+00,  8.94306130e-01, -8.51901678e-01,        -7.24674518e+00, -9.78222532e+00,  5.16556521e+00,        -3.20677567e+00,  8.83699228e+00, -5.86261196e+00,        -4.10633035e+00,  4.77922713e-01,  5.09782914e+00,        -7.22844322e-01, -7.50354914e+00, -1.15650551e+00,         9.03833940e-02,  3.47698016e+00,  5.40299913e+00,        -7.39328438e+00, -9.54169737e+00,  3.81646444e-01,         4.03442871e+00, -9.74792466e+00,  3.44939689e+00,         3.62401396e+00, -1.01506493e+00,  5.85395540e+00,         2.88722170e+00, -9.80061023e+00, -3.75043495e-01,         7.18635612e+00,  6.60799140e+00,  3.44648990e+00,         3.47396848e+00, -4.08657156e-02, -4.51760450e+00],       [ 1.73553512e-01,  3.18065907e+00, -2.95140740e+00,         7.11656735e+00, -6.83042249e+00,  4.22496403e+00,        -1.83129217e+00,  5.47598574e+00, -1.44525341e+00,         6.15396818e+00, -2.92930275e+00, -5.74566903e+00,         5.34569017e+00, -1.84725360e+00,  4.66490135e+00,         4.88946306e+00, -5.57206598e+00, -5.71775726e+00,        -5.55673734e+00, -7.27279362e+00, -2.91601008e+00,        -9.53666301e+00, -7.78159262e+00,  3.49128048e+00,         5.99553074e+00, -8.38940946e+00, -2.46768668e+00,        -5.84748676e+00,  8.34667126e+00,  4.22629036e+00,         1.07769222e+00, -3.90964024e+00,  6.69708095e+00,        -2.45758571e+00,  8.46912430e+00,  4.12103609e+00,        -5.17432724e-01, -7.47579793e+00,  6.91554688e+00,        -6.80332699e+00, -5.87213192e+00, -1.43298525e+00,        -1.91596188e+00, -7.06497038e+00,  4.94390076e+00,        -6.22509866e+00,  1.08495738e+00,  5.08611901e+00],       [-6.17523183e+00,  1.79190389e+00,  4.97856750e+00,         2.76437421e+00, -2.96012781e-01, -4.37560840e+00,         5.53004711e+00,  8.90616880e+00, -1.48877219e+00,         5.64363634e+00, -8.87717921e+00,  6.62907956e+00,        -6.15499966e+00, -3.65744310e-01, -3.99837908e+00,        -8.39792712e+00,  8.09262006e+00, -2.59691645e+00,         8.85964977e-01, -5.44676177e-01, -7.51718006e+00,        -6.40760794e+00, -8.47622382e+00,  1.58433999e-01,        -4.76900896e+00, -2.85876782e+00, -4.47402767e+00,         5.75103679e+00, -7.86832246e+00,  9.71417647e+00,        -6.45677671e+00,  1.44810225e+00, -9.10309331e+00,         3.63812521e+00, -6.20788104e+00,  5.58079568e-01,         4.68070182e+00, -7.00137030e+00, -4.49257183e-01,        -5.66765583e+00,  5.20681934e+00,  4.36337473e+00,        -6.46901931e+00,  7.23933115e+00, -8.30979233e+00,         7.20473995e+00, -3.78215816e-01, -1.93559056e+00],       [ 3.77116771e+00,  4.06755658e+00,  9.74652350e+00,        -4.43829903e+00, -9.93834858e+00,  7.77647675e+00,         7.63335111e+00,  4.57701755e+00,  3.33775658e-01,         4.13912490e+00,  5.61059114e+00, -2.53674868e+00,         5.40645051e+00,  5.72664711e+00,  2.26422423e+00,        -1.96268152e+00,  3.94616039e+00, -9.93774284e+00,         5.62840689e+00,  7.15367382e+00, -5.50414137e+00,        -7.89859751e+00, -5.59432024e+00, -3.95806537e+00,         7.66057017e+00,  8.63328605e-01, -1.57501290e+00,        -7.23290620e+00, -4.19711074e+00,  2.27742179e+00,        -3.51722940e+00, -8.52796366e-01, -1.11765786e+00,         4.34885021e+00, -1.47303692e+00, -3.08602358e+00,         3.38921436e+00, -5.57035889e+00, -1.90228896e+00,        -3.70468625e+00,  2.57259482e+00,  7.43199948e+00,        -1.04622000e+00,  5.68914838e+00, -1.43432638e-01,         3.12458663e+00, -7.73029744e+00, -1.34036986e+00],       [ 6.50390582e+00,  1.88068844e+00,  5.33549174e+00,         9.40121619e-02, -1.90603847e+00,  6.04427408e+00,        -5.52518462e+00,  1.46544543e+00,  8.85525151e+00,         3.57200963e-01, -6.11068381e+00,  6.88127739e+00,        -4.96721715e+00,  4.87157989e+00,  8.05218808e-01,         8.97672577e+00,  2.48673405e+00,  6.75955924e+00,        -9.26632252e+00,  8.93184104e+00, -8.54003013e+00,        -4.39480380e+00,  8.92304791e+00, -9.82121795e+00,         6.45460011e+00,  7.22423277e+00,  9.09755437e-01,        -4.88509612e+00,  6.05379039e+00, -4.42759911e-01,        -7.31322783e+00,  8.55697986e+00,  7.91939934e+00,        -1.48314628e+00,  7.13404993e+00, -1.62843948e+00,         3.55769337e+00, -2.04018721e+00, -1.23512183e+00,        -6.20896594e+00,  9.30310773e+00, -4.15432098e+00,        -7.93080888e+00, -7.11369200e+00, -8.41594244e+00,         4.31891399e+00, -2.81903789e-01,  5.89156702e+00],       [-7.96558933e-01,  5.53708560e+00,  3.91528429e+00,         5.55696954e+00, -3.39419828e+00,  2.33006472e+00,        -3.66009405e+00, -3.56360073e+00, -6.54790760e+00,        -1.82725550e+00, -5.17162504e+00, -1.89875701e+00,         9.50444685e+00, -1.64714765e+00,  9.64981890e+00,         2.72612252e+00, -2.49817963e+00,  7.14968998e+00,         2.61222916e+00, -5.17713836e+00,  4.89483111e+00,        -2.46667821e+00, -2.84977665e+00, -3.39446127e+00,         3.94737751e+00, -4.62699752e+00,  6.88879755e+00,        -4.09422411e+00,  8.82427672e-01, -2.41570164e-01,         7.10712825e+00,  7.76772869e+00, -6.31231115e+00,         1.42155205e-01,  7.96410092e+00, -1.07765562e+00,         8.28683201e+00, -4.42018219e+00,  5.51488468e-01,         3.64907420e+00, -5.36249443e+00, -9.72645762e+00,        -1.66552075e+00,  8.76963784e+00, -2.27169282e+00,         5.59488591e+00, -6.99183463e+00, -3.16094327e+00],       [-7.10804558e+00,  4.33541628e+00,  3.98615247e+00,         3.76994636e+00, -4.93207931e+00,  3.84720243e+00,        -5.45404918e+00, -1.50701768e+00, -2.76533652e+00,        -2.89384177e+00, -8.84690386e+00,  2.63293254e+00,         5.17202546e+00,  2.27177389e+00,  4.24984987e+00,        -6.60118572e+00, -7.01106402e+00,  8.42048956e-01,         7.50665453e+00, -6.32093117e+00, -7.43217626e-01,        -1.42135332e+00, -5.42162816e-02, -6.76978459e+00,        -3.15118718e+00, -4.76239192e+00,  7.02872294e+00,         6.00664492e+00, -1.46721683e+00,  2.14030922e+00,        -6.14460863e+00,  1.05913653e+00, -4.15379817e+00,         7.19301907e+00,  4.07698154e+00,  2.66948025e+00,        -5.50342725e+00, -5.88242410e-01,  9.73145559e+00,         8.96598348e+00,  2.90171281e+00, -7.53089888e+00,         2.78253697e+00,  2.51620090e+00, -6.26683247e-01,        -1.43925061e+00,  1.39101862e+00,  6.99939777e+00],       [ 4.19014446e+00,  1.58721081e+00,  8.49408363e+00,        -8.70520033e+00,  9.82693017e+00, -8.94010915e+00,        -6.01008908e+00, -1.54494677e+00, -7.84982248e+00,         2.47340822e+00, -9.17677893e+00, -4.30752238e+00,        -8.77926638e+00,  4.07038662e+00,  3.36912335e+00,        -2.65598538e+00, -6.42639124e+00,  4.94009658e+00,        -2.19859366e+00,  5.65078641e+00, -2.41981216e-01,         5.13388887e-01, -9.43018301e+00,  2.38872052e+00,        -2.98686995e+00, -5.41589945e+00, -7.39955320e-01,        -2.34654740e+00, -6.04219198e-01,  9.58966708e+00,        -2.76513081e+00,  5.48820267e+00,  1.05535193e+00,         7.91489051e+00, -2.90094298e+00, -5.08962640e+00,         8.22038479e+00, -9.12931472e+00,  9.19882996e+00,         2.44382807e+00, -2.47273567e+00,  8.37772196e+00,        -8.83274708e+00,  3.34127195e-01, -9.37805849e+00,         1.42351478e+00, -6.39062982e+00,  2.98800256e+00],       [ 8.53156537e+00,  7.49805102e+00, -9.63275012e-01,         4.16921740e+00,  5.54937500e+00, -1.03138316e-01,         5.70669804e-01, -6.98431203e+00, -2.61200149e+00,        -7.15557494e+00,  2.46847844e+00, -4.59740112e-01,        -1.02242327e+00,  7.71995942e+00,  5.52375446e-01,        -2.06412293e+00, -4.89402661e+00, -8.55975930e+00,        -7.60609497e-01, -9.49319545e+00, -4.17692119e+00,         7.01901970e-02,  9.31866130e+00, -7.89654300e+00,         3.46082108e+00, -1.35257802e-03,  5.77126875e+00,        -7.12216938e+00, -8.33594727e+00, -2.01562789e+00,         5.82399742e+00, -6.16648522e+00,  5.35554384e+00,        -3.34735203e+00, -5.66217025e+00, -9.66568822e+00,        -2.02681880e+00, -2.37837017e+00,  4.45803797e+00,        -5.82599131e+00, -6.94792026e+00, -9.69385834e+00,        -7.72407287e+00,  3.03578552e+00, -1.94686296e+00,        -3.57947372e+00,  1.15823988e+00,  9.87574486e+00],       [ 5.76508118e+00,  3.99246365e+00,  8.36517178e+00,        -9.20542587e+00, -8.59333117e+00, -5.19874200e-01,        -3.01665174e+00,  8.74504124e+00, -2.08700777e-01,         7.92982202e-01,  5.35648713e+00, -1.06729908e+00,         7.54068779e+00, -4.92836501e+00, -4.52380592e+00,        -3.63017838e+00,  3.97662876e-01, -5.59742652e+00,         3.92362615e+00, -7.18996116e+00, -8.11799451e+00,         7.40383492e+00, -5.26262593e+00, -2.57705972e+00,         1.43084185e+00,  5.16039399e-01, -7.52900698e+00,         7.48335513e+00,  9.02271237e+00,  6.25014608e+00,        -4.36500350e+00,  5.56935922e-01, -3.21166552e+00,         1.62463661e+00,  9.48806938e+00, -3.76594165e+00,         3.37593212e+00, -3.48065585e+00,  6.33107339e+00,        -1.48416417e+00,  7.79654683e+00,  3.88336591e+00,         5.25264191e+00, -6.10419429e-01, -5.78470995e+00,        -9.17049841e+00, -3.56342400e+00, -8.29543925e+00]])
all_costs=array([2016.90301346, 1554.6800415 ,  688.82697488, 1543.60846669,       5226.69615248, 1120.12327648, 2129.43238244, 5555.91554117,       1330.95949165,  760.65171592, 3527.8723091 , 1663.27642979,        822.10603777, 1042.90449251, 5898.4340438 ,  657.84755588,        625.73740799, 1439.03397582,  802.54770333, 8913.6270776 ])
all_uncers=array([0., 0., 0., 0., 0., 0., 0., 0., 0., 0., 0., 0., 0., 0., 0., 0., 0.,       0., 0., 0.])
best_cost=625.7374079940402
best_params=array([-7.10804558,  4.33541628,  3.98615247,  3.76994636, -4.93207931,        3.84720243, -5.45404918, -1.50701768, -2.76533652, -2.89384177,       -8.84690386,  2.63293254,  5.17202546,  2.27177389,  4.24984987,       -6.60118572, -7.01106402,  0.84204896,  7.50665453, -6.32093117,       -0.74321763, -1.42135332, -0.05421628, -6.76978459, -3.15118718,       -4.76239192,  7.02872294,  6.00664492, -1.46721683,  2.14030922,       -6.14460863,  1.05913653, -4.15379817,  7.19301907,  4.07698154,        2.66948025, -5.50342725, -0.58824241,  9.73145559,  8.96598348,        2.90171281, -7.53089888,  2.78253697,  2.5162009 , -0.62668325,       -1.43925061,  1.39101862,  6.99939777])
best_index=16
worst_cost=8913.627077598423
worst_index=19
cost_range=8287.889669604383
costs_count=20
params_count=0
length_scale=1
noise_level=1
cost_scaler_init_index=None
net_0={'last_hyperfit': 0, 'last_net_reg': 1e-08, 'losses_list': [1.0493534, 0.04723023, 0.007923238, 0.0019678718, 0.006139403, 0.00066188787, 0.00013107857, 2.0655012e-05, 1.563677e-05, 1.3920999e-05, 1.1157811e-05, 3.6333354e-06, 1.9513927e-06, 1.9275496e-06, 1.7886848e-06, 6.838678e-07, 6.22406e-07, 5.8482414e-07, 5.4764985e-07, 5.7373177e-07, 5.4201126e-07, 5.687118e-07, 6.0595727e-07, 7.756463e-07, 7.106029e-07, 5.3613553e-07, 5.578881e-07, 5.5432196e-07, 5.360639e-07, 5.309091e-07], 'scaler_samples': (array([[-7.39942856e+00, -9.61266084e+00,  3.57671066e+00,        -5.76743768e+00, -4.68906681e+00, -1.68536814e-01,        -8.93274910e+00,  1.48235211e+00, -7.06542850e+00,         1.78611074e+00,  3.99516720e+00, -7.95331142e+00,        -1.71888024e+00,  3.88800315e+00, -1.71641461e+00,        -9.00093082e+00,  7.17928118e-01,  3.27589290e+00,         2.97782241e-01,  8.89189512e+00,  1.73110081e+00,         8.06803831e+00, -7.25050592e+00, -7.21447305e+00,         6.14782577e+00, -2.04646326e+00, -6.69291606e+00,         8.55017161e+00, -3.04468281e+00,  5.01624206e+00,         4.51995971e+00,  7.66612182e+00,  2.47344414e+00,         5.01884868e+00, -3.02203316e+00, -4.60144216e+00,         7.91772436e+00, -1.43817620e+00,  9.29680094e+00,         3.26882996e+00,  2.43391440e+00, -7.70508054e+00,         8.98978517e+00, -1.00175733e+00,  1.56779229e+00,        -1.83726394e+00, -5.25946040e+00,  8.06759041e+00],       [ 6.70766277e-01, -9.95296298e+00,  2.34289827e+00,        -3.46710196e+00,  5.41162045e-01,  7.71884199e+00,        -3.90238737e+00,  8.17070302e+00,  1.80305668e+00,        -9.68357514e+00,  8.58874467e+00,  2.46840151e+00,         9.94645701e+00, -6.55318983e+00, -7.25728501e+00,         5.85325479e+00,  3.93636323e+00, -8.67999655e+00,         5.10926105e+00,  5.78928802e+00,  8.46049071e+00,         4.82707302e+00, -7.66998233e+00, -9.62654121e+00,        -9.33182915e+00, -9.43387024e+00, -5.24638225e+00,         7.55751172e+00,  7.76621287e-01,  1.05643957e+00,         6.84061785e+00, -6.05729974e+00, -4.41632642e+00,         1.71518543e+00,  9.39191497e+00,  1.22060439e+00,        -7.74509021e+00,  6.01265345e+00, -2.81178339e+00,         6.14210391e+00, -2.24278712e+00,  5.79842868e+00,         5.69848482e+00,  1.12480468e+00, -7.27089549e+00,        -8.80164621e+00, -7.57313089e+00, -7.13348705e+00],       [-7.85011742e+00, -6.37803389e+00,  4.25977961e+00,         1.19433964e+00, -9.74888040e+00, -6.96538483e+00,         9.34552660e+00,  2.29953487e+00, -5.93413531e+00,        -5.88294595e+00,  5.53968654e+00, -6.09141038e+00,         3.27932754e+00,  8.86379459e+00,  5.87187087e+00,        -5.20304482e+00, -1.24605715e-01,  7.37635184e-01,         6.57961799e+00, -6.86417211e+00, -7.21369182e+00,        -8.59955713e+00, -1.08528552e+00, -7.22895465e-02,        -5.18287057e-01, -4.74253315e+00,  9.77232309e+00,         2.24945613e+00, -2.39717655e+00,  1.01896438e+00,         5.12076504e+00,  3.34631100e+00, -4.70160885e+00,        -8.67330331e+00, -4.61695205e-01,  2.59435014e+00,        -6.16329241e+00,  5.05823957e+00, -8.66927037e+00,        -4.68858591e+00,  6.09509127e+00, -6.13131435e+00,         2.78921762e+00,  4.93406182e-01,  7.32082513e+00,        -5.47172899e+00, -8.78454362e+00,  3.86813151e+00],       [ 4.01494057e+00,  7.81313189e+00,  8.63944138e+00,        -9.72096854e+00, -6.19135371e+00,  1.74013867e+00,         9.15089367e+00,  9.00352238e+00,  1.13306376e+00,         8.31212700e+00,  2.83132418e+00, -2.23549647e+00,        -2.80186658e-01,  3.21938316e+00,  9.90958430e-01,         8.52362853e+00,  8.37466871e+00, -2.10248774e+00,         9.28654427e+00, -6.67121430e+00, -7.62673472e+00,        -7.64956283e+00,  1.13243314e-01, -9.56950389e+00,         8.95940422e+00,  6.54230942e+00, -5.98395374e+00,        -6.47607489e+00, -3.35872851e+00, -7.38006310e+00,         6.18981384e+00, -3.10526695e+00,  8.80214965e+00,         8.43831644e-02,  7.57663969e+00,  6.89468891e+00,         7.96000268e+00, -8.02394684e-01, -5.31411049e-01,         5.97207182e+00, -4.21770106e+00, -2.59306869e-01,         1.98220615e+00, -9.68933449e+00,  2.40656814e+00,        -1.32647302e+00,  3.89907997e+00, -3.69510394e+00],       [ 6.20582522e+00,  1.33869470e+00, -6.31979597e+00,         5.75858468e+00, -5.38081410e-02, -8.97385775e+00,         3.43631066e-01,  3.58137673e+00,  8.37203556e+00,        -9.99195950e+00,  9.53518298e+00, -2.50281705e+00,         9.47567077e+00,  3.22633391e+00,  6.57691616e+00,         1.49423009e+00,  2.56152397e+00, -4.28847437e+00,         1.97614564e+00,  4.35228739e+00,  6.12454825e+00,         3.13876449e+00,  3.96114497e+00,  7.28958860e+00,        -3.54638006e+00,  3.41577582e+00,  1.08895966e+00,        -2.35794496e+00, -1.78377300e+00, -1.97040833e+00,        -3.65232108e+00,  2.43838736e+00, -1.39505458e+00,         6.87277324e+00,  3.55601783e+00, -6.02860223e+00,        -1.53565685e+00, -3.13307520e+00,  3.82366245e+00,         7.59996577e+00,  8.08598291e+00,  3.16737163e+00,        -4.59583476e+00, -4.95266597e+00,  7.28961330e+00,         5.54292926e-01,  3.80956916e+00,  1.44977034e+00],       [ 3.30645075e+00,  1.84028566e-01,  5.41767821e+00,         1.37715981e+00, -2.43169306e+00, -3.47704852e+00,        -5.51848262e+00, -2.44151641e+00, -8.40747845e+00,         9.65634227e+00, -6.36774297e+00,  6.16296164e+00,         7.49923290e+00,  4.66058549e+00,  1.38988825e+00,        -6.78057126e+00, -6.62399545e-01, -3.09655898e+00,        -5.05002006e+00,  1.33820515e+00, -4.13360259e+00,         5.94412244e+00,  8.19271050e+00, -4.85763412e+00,        -7.78217399e+00, -6.14074536e+00,  1.87941360e+00,         4.57171336e+00, -5.83611123e+00, -5.03932883e+00,         7.03343750e+00, -1.68302563e+00,  2.33370134e+00,        -5.95133768e+00, -7.96065481e+00,  3.17140339e-01,        -5.35093760e-01, -6.94656712e+00,  7.76355683e-01,         8.80202376e-01,  3.11563546e+00, -7.12807010e+00,         5.03055634e+00, -5.55901720e+00,  1.02188868e+00,         5.70592056e+00, -9.61557149e+00, -3.51275081e+00],       [ 5.84343863e+00,  6.57486330e+00,  7.68811852e-01,         7.33216548e+00,  5.43541077e+00,  5.73033917e+00,         7.57036954e+00, -8.02513196e+00,  3.02608665e+00,         4.07033976e+00,  2.20481625e+00,  5.91921210e+00,        -9.30857560e+00,  6.06276376e+00,  4.63457201e+00,        -4.80603213e+00, -4.85861402e+00,  2.64606635e+00,        -2.71457340e+00,  5.24338384e+00, -1.61855939e+00,         3.62018648e+00,  9.80943567e+00, -3.99503321e+00,        -7.13988343e+00,  8.02616873e+00,  2.56057372e+00,         9.49480742e+00,  2.73208800e+00,  9.87826049e+00,         9.21416083e-01,  5.28518678e-01, -7.29144194e+00,        -3.83680439e+00, -9.47562865e+00, -6.79209641e+00,         4.79098696e+00, -9.39200620e+00, -3.64754068e+00,         7.24692506e+00,  3.88277802e+00,  3.72811222e+00,        -6.22726398e+00, -1.16191439e+00,  2.18421122e+00,         9.79503415e+00, -6.48966127e+00, -5.04534196e+00],       [-5.24158931e+00,  4.71985767e+00, -8.60493451e-01,        -8.86141123e+00, -1.73604175e+00, -5.96541984e+00,         6.64585975e+00, -4.05337237e+00, -9.44787976e+00,         1.86864899e+00,  6.87680858e+00, -2.41450635e+00,         4.99716621e+00,  1.62281995e+00,  8.19036099e-01,         9.18868642e+00,  6.07921783e+00, -9.35353867e+00,         4.35618940e+00, -1.10181168e+00,  7.80094643e+00,        -6.14697236e+00, -4.65855961e+00, -8.37052070e+00,        -1.42762343e+00, -7.81962472e+00,  4.05720987e+00,         6.05926475e+00,  3.93600992e+00,  5.32422762e+00,        -3.15091760e+00,  6.91702966e+00, -1.42462450e+00,         4.27736909e+00,  2.52992317e+00, -7.13153903e+00,        -8.44506199e+00, -9.63334714e+00, -8.84360711e+00,        -8.28323726e-01, -7.64884810e+00, -9.44798138e+00,         5.09722963e+00, -2.10299039e+00,  5.27301991e+00,        -9.51903465e-01, -2.25155124e+00, -4.38549866e-01],       [-1.39688439e+00,  5.75964388e+00, -1.95214960e+00,         8.09372321e+00, -9.39771648e+00,  4.73040030e+00,        -4.56198236e+00,  2.37027134e+00, -9.79271477e+00,         7.72545652e-01, -9.93964087e+00,  8.93692673e+00,         8.10804067e+00,  6.50364761e+00,  8.30548640e+00,        -7.08883538e+00, -6.84539860e+00, -6.24736654e+00,         2.66872621e+00,  7.33341462e+00,  8.59760307e+00,         2.37384572e+00,  4.63600818e+00,  8.18586409e+00,        -1.98252535e+00, -5.00298640e+00, -3.41330813e+00,        -7.61085899e+00,  6.25221176e+00, -7.06415253e+00,        -4.71405035e+00,  6.38178357e+00, -3.78825496e+00,         7.02204917e+00, -4.66722596e+00,  6.73066899e-01,        -3.76200985e+00,  8.21545662e+00, -3.64730591e+00,        -1.32815345e+00,  2.92230555e-01,  8.65444028e+00,        -9.38101987e+00,  4.33757327e+00,  7.96432399e+00,        -9.45425553e+00, -1.01264952e+00, -3.48020376e+00],       [ 5.59963025e+00,  9.59192836e-01,  3.80455736e+00,        -9.42930001e-01,  2.10725317e-01, -4.47811807e+00,        -6.49877776e+00,  1.53511870e+00, -3.77111572e+00,         3.45351970e-01,  8.32811706e+00, -1.50948845e+00,        -5.05207927e+00, -7.73639252e-01,  8.63722233e+00,         8.73736763e+00,  6.88659897e+00,  8.40413029e+00,        -4.99447132e+00, -8.32595549e+00, -5.72968924e+00,        -4.52970765e+00, -6.50468247e+00,  2.14188324e+00,        -1.72827170e+00,  6.32703024e+00, -3.22344062e+00,         4.03753060e+00, -5.19288750e+00,  1.48438178e+00,        -3.02024806e+00, -8.86071201e+00, -5.42372658e+00,         1.50670355e+00, -5.49981328e-02,  3.80319681e-01,        -6.53412747e+00,  1.41431703e+00,  7.27446412e+00,         6.33670218e+00,  1.92602410e+00,  9.39162000e+00,         8.03125169e+00,  1.91215867e+00, -8.07347787e+00,        -8.12845808e+00, -8.87459609e+00, -9.65337026e-01],       [-3.18590186e+00,  9.13828532e+00, -6.64033414e+00,         9.45575184e+00,  2.47232589e+00,  5.68905008e+00,         3.88140989e+00,  3.37465540e+00, -4.62353330e-01,        -9.73727286e+00, -2.93987829e+00, -2.03544439e-01,         4.60182422e+00,  8.94306130e-01, -8.51901678e-01,        -7.24674518e+00, -9.78222532e+00,  5.16556521e+00,        -3.20677567e+00,  8.83699228e+00, -5.86261196e+00,        -4.10633035e+00,  4.77922713e-01,  5.09782914e+00,        -7.22844322e-01, -7.50354914e+00, -1.15650551e+00,         9.03833940e-02,  3.47698016e+00,  5.40299913e+00,        -7.39328438e+00, -9.54169737e+00,  3.81646444e-01,         4.03442871e+00, -9.74792466e+00,  3.44939689e+00,         3.62401396e+00, -1.01506493e+00,  5.85395540e+00,         2.88722170e+00, -9.80061023e+00, -3.75043495e-01,         7.18635612e+00,  6.60799140e+00,  3.44648990e+00,         3.47396848e+00, -4.08657156e-02, -4.51760450e+00],       [ 1.73553512e-01,  3.18065907e+00, -2.95140740e+00,         7.11656735e+00, -6.83042249e+00,  4.22496403e+00,        -1.83129217e+00,  5.47598574e+00, -1.44525341e+00,         6.15396818e+00, -2.92930275e+00, -5.74566903e+00,         5.34569017e+00, -1.84725360e+00,  4.66490135e+00,         4.88946306e+00, -5.57206598e+00, -5.71775726e+00,        -5.55673734e+00, -7.27279362e+00, -2.91601008e+00,        -9.53666301e+00, -7.78159262e+00,  3.49128048e+00,         5.99553074e+00, -8.38940946e+00, -2.46768668e+00,        -5.84748676e+00,  8.34667126e+00,  4.22629036e+00,         1.07769222e+00, -3.90964024e+00,  6.69708095e+00,        -2.45758571e+00,  8.46912430e+00,  4.12103609e+00,        -5.17432724e-01, -7.47579793e+00,  6.91554688e+00,        -6.80332699e+00, -5.87213192e+00, -1.43298525e+00,        -1.91596188e+00, -7.06497038e+00,  4.94390076e+00,        -6.22509866e+00,  1.08495738e+00,  5.08611901e+00],       [-6.17523183e+00,  1.79190389e+00,  4.97856750e+00,         2.76437421e+00, -2.96012781e-01, -4.37560840e+00,         5.53004711e+00,  8.90616880e+00, -1.48877219e+00,         5.64363634e+00, -8.87717921e+00,  6.62907956e+00,        -6.15499966e+00, -3.65744310e-01, -3.99837908e+00,        -8.39792712e+00,  8.09262006e+00, -2.59691645e+00,         8.85964977e-01, -5.44676177e-01, -7.51718006e+00,        -6.40760794e+00, -8.47622382e+00,  1.58433999e-01,        -4.76900896e+00, -2.85876782e+00, -4.47402767e+00,         5.75103679e+00, -7.86832246e+00,  9.71417647e+00,        -6.45677671e+00,  1.44810225e+00, -9.10309331e+00,         3.63812521e+00, -6.20788104e+00,  5.58079568e-01,         4.68070182e+00, -7.00137030e+00, -4.49257183e-01,        -5.66765583e+00,  5.20681934e+00,  4.36337473e+00,        -6.46901931e+00,  7.23933115e+00, -8.30979233e+00,         7.20473995e+00, -3.78215816e-01, -1.93559056e+00],       [ 3.77116771e+00,  4.06755658e+00,  9.74652350e+00,        -4.43829903e+00, -9.93834858e+00,  7.77647675e+00,         7.63335111e+00,  4.57701755e+00,  3.33775658e-01,         4.13912490e+00,  5.61059114e+00, -2.53674868e+00,         5.40645051e+00,  5.72664711e+00,  2.26422423e+00,        -1.96268152e+00,  3.94616039e+00, -9.93774284e+00,         5.62840689e+00,  7.15367382e+00, -5.50414137e+00,        -7.89859751e+00, -5.59432024e+00, -3.95806537e+00,         7.66057017e+00,  8.63328605e-01, -1.57501290e+00,        -7.23290620e+00, -4.19711074e+00,  2.27742179e+00,        -3.51722940e+00, -8.52796366e-01, -1.11765786e+00,         4.34885021e+00, -1.47303692e+00, -3.08602358e+00,         3.38921436e+00, -5.57035889e+00, -1.90228896e+00,        -3.70468625e+00,  2.57259482e+00,  7.43199948e+00,        -1.04622000e+00,  5.68914838e+00, -1.43432638e-01,         3.12458663e+00, -7.73029744e+00, -1.34036986e+00],       [ 6.50390582e+00,  1.88068844e+00,  5.33549174e+00,         9.40121619e-02, -1.90603847e+00,  6.04427408e+00,        -5.52518462e+00,  1.46544543e+00,  8.85525151e+00,         3.57200963e-01, -6.11068381e+00,  6.88127739e+00,        -4.96721715e+00,  4.87157989e+00,  8.05218808e-01,         8.97672577e+00,  2.48673405e+00,  6.75955924e+00,        -9.26632252e+00,  8.93184104e+00, -8.54003013e+00,        -4.39480380e+00,  8.92304791e+00, -9.82121795e+00,         6.45460011e+00,  7.22423277e+00,  9.09755437e-01,        -4.88509612e+00,  6.05379039e+00, -4.42759911e-01,        -7.31322783e+00,  8.55697986e+00,  7.91939934e+00,        -1.48314628e+00,  7.13404993e+00, -1.62843948e+00,         3.55769337e+00, -2.04018721e+00, -1.23512183e+00,        -6.20896594e+00,  9.30310773e+00, -4.15432098e+00,        -7.93080888e+00, -7.11369200e+00, -8.41594244e+00,         4.31891399e+00, -2.81903789e-01,  5.89156702e+00],       [-7.96558933e-01,  5.53708560e+00,  3.91528429e+00,         5.55696954e+00, -3.39419828e+00,  2.33006472e+00,        -3.66009405e+00, -3.56360073e+00, -6.54790760e+00,        -1.82725550e+00, -5.17162504e+00, -1.89875701e+00,         9.50444685e+00, -1.64714765e+00,  9.64981890e+00,         2.72612252e+00, -2.49817963e+00,  7.14968998e+00,         2.61222916e+00, -5.17713836e+00,  4.89483111e+00,        -2.46667821e+00, -2.84977665e+00, -3.39446127e+00,         3.94737751e+00, -4.62699752e+00,  6.88879755e+00,        -4.09422411e+00,  8.82427672e-01, -2.41570164e-01,         7.10712825e+00,  7.76772869e+00, -6.31231115e+00,         1.42155205e-01,  7.96410092e+00, -1.07765562e+00,         8.28683201e+00, -4.42018219e+00,  5.51488468e-01,         3.64907420e+00, -5.36249443e+00, -9.72645762e+00,        -1.66552075e+00,  8.76963784e+00, -2.27169282e+00,         5.59488591e+00, -6.99183463e+00, -3.16094327e+00],       [-7.10804558e+00,  4.33541628e+00,  3.98615247e+00,         3.76994636e+00, -4.93207931e+00,  3.84720243e+00,        -5.45404918e+00, -1.50701768e+00, -2.76533652e+00,        -2.89384177e+00, -8.84690386e+00,  2.63293254e+00,         5.17202546e+00,  2.27177389e+00,  4.24984987e+00,        -6.60118572e+00, -7.01106402e+00,  8.42048956e-01,         7.50665453e+00, -6.32093117e+00, -7.43217626e-01,        -1.42135332e+00, -5.42162816e-02, -6.76978459e+00,        -3.15118718e+00, -4.76239192e+00,  7.02872294e+00,         6.00664492e+00, -1.46721683e+00,  2.14030922e+00,        -6.14460863e+00,  1.05913653e+00, -4.15379817e+00,         7.19301907e+00,  4.07698154e+00,  2.66948025e+00,        -5.50342725e+00, -5.88242410e-01,  9.73145559e+00,         8.96598348e+00,  2.90171281e+00, -7.53089888e+00,         2.78253697e+00,  2.51620090e+00, -6.26683247e-01,        -1.43925061e+00,  1.39101862e+00,  6.99939777e+00],       [ 4.19014446e+00,  1.58721081e+00,  8.49408363e+00,        -8.70520033e+00,  9.82693017e+00, -8.94010915e+00,        -6.01008908e+00, -1.54494677e+00, -7.84982248e+00,         2.47340822e+00, -9.17677893e+00, -4.30752238e+00,        -8.77926638e+00,  4.07038662e+00,  3.36912335e+00,        -2.65598538e+00, -6.42639124e+00,  4.94009658e+00,        -2.19859366e+00,  5.65078641e+00, -2.41981216e-01,         5.13388887e-01, -9.43018301e+00,  2.38872052e+00,        -2.98686995e+00, -5.41589945e+00, -7.39955320e-01,        -2.34654740e+00, -6.04219198e-01,  9.58966708e+00,        -2.76513081e+00,  5.48820267e+00,  1.05535193e+00,         7.91489051e+00, -2.90094298e+00, -5.08962640e+00,         8.22038479e+00, -9.12931472e+00,  9.19882996e+00,         2.44382807e+00, -2.47273567e+00,  8.37772196e+00,        -8.83274708e+00,  3.34127195e-01, -9.37805849e+00,         1.42351478e+00, -6.39062982e+00,  2.98800256e+00],       [ 8.53156537e+00,  7.49805102e+00, -9.63275012e-01,         4.16921740e+00,  5.54937500e+00, -1.03138316e-01,         5.70669804e-01, -6.98431203e+00, -2.61200149e+00,        -7.15557494e+00,  2.46847844e+00, -4.59740112e-01,        -1.02242327e+00,  7.71995942e+00,  5.52375446e-01,        -2.06412293e+00, -4.89402661e+00, -8.55975930e+00,        -7.60609497e-01, -9.49319545e+00, -4.17692119e+00,         7.01901970e-02,  9.31866130e+00, -7.89654300e+00,         3.46082108e+00, -1.35257802e-03,  5.77126875e+00,        -7.12216938e+00, -8.33594727e+00, -2.01562789e+00,         5.82399742e+00, -6.16648522e+00,  5.35554384e+00,        -3.34735203e+00, -5.66217025e+00, -9.66568822e+00,        -2.02681880e+00, -2.37837017e+00,  4.45803797e+00,        -5.82599131e+00, -6.94792026e+00, -9.69385834e+00,        -7.72407287e+00,  3.03578552e+00, -1.94686296e+00,        -3.57947372e+00,  1.15823988e+00,  9.87574486e+00],       [ 5.76508118e+00,  3.99246365e+00,  8.36517178e+00,        -9.20542587e+00, -8.59333117e+00, -5.19874200e-01,        -3.01665174e+00,  8.74504124e+00, -2.08700777e-01,         7.92982202e-01,  5.35648713e+00, -1.06729908e+00,         7.54068779e+00, -4.92836501e+00, -4.52380592e+00,        -3.63017838e+00,  3.97662876e-01, -5.59742652e+00,         3.92362615e+00, -7.18996116e+00, -8.11799451e+00,         7.40383492e+00, -5.26262593e+00, -2.57705972e+00,         1.43084185e+00,  5.16039399e-01, -7.52900698e+00,         7.48335513e+00,  9.02271237e+00,  6.25014608e+00,        -4.36500350e+00,  5.56935922e-01, -3.21166552e+00,         1.62463661e+00,  9.48806938e+00, -3.76594165e+00,         3.37593212e+00, -3.48065585e+00,  6.33107339e+00,        -1.48416417e+00,  7.79654683e+00,  3.88336591e+00,         5.25264191e+00, -6.10419429e-01, -5.78470995e+00,        -9.17049841e+00, -3.56342400e+00, -8.29543925e+00]]), array([2016.90301346, 1554.6800415 ,  688.82697488, 1543.60846669,       5226.69615248, 1120.12327648, 2129.43238244, 5555.91554117,       1330.95949165,  760.65171592, 3527.8723091 , 1663.27642979,        822.10603777, 1042.90449251, 5898.4340438 ,  657.84755588,        625.73740799, 1439.03397582,  802.54770333, 8913.6270776 ])), 'net': {'saver_path': './M-LOOP_archives/neural_net_archive_2020-01-29_13-40_MSmHlgJ2.ckpt'}}
net_1={'last_hyperfit': 0, 'last_net_reg': 1e-08, 'losses_list': [], 'scaler_samples': None, 'net': {'saver_path': './M-LOOP_archives/neural_net_archive_2020-01-29_13-40_MVjfrIQu.ckpt'}}
net_2={'last_hyperfit': 0, 'last_net_reg': 1e-08, 'losses_list': [], 'scaler_samples': None, 'net': {'saver_path': './M-LOOP_archives/neural_net_archive_2020-01-29_13-40_aAKaSFOn.ckpt'}}
