archive_type='gaussian_process_learner'
num_params=10
min_boundary=array([-10., -10., -10., -10., -10., -10., -10., -10., -10., -10.])
max_boundary=array([10., 10., 10., 10., 10., 10., 10., 10., 10., 10.])
start_datetime='2020-01-28_17-22'
cost_has_noise=True
length_scale_history=[array([1.00000000e+05, 1.00000000e+05, 1.23632838e+04, 1.00000000e+05,       1.00000000e+05, 1.07954396e+03, 4.14583283e+00, 1.00000000e+05,       1.75905049e-02, 1.00000000e+05])]
noise_level_history=[9.999999999999997e-06]
bad_run_indexs=[[]]
bias_func_cycle=4
bias_func_cost_factor=[1.0, 1.0, 1.0, 1.0]
bias_func_uncer_factor=[0.0, 1.0, 2.0, 3.0]
generation_num=4
search_precision=1e-06
parameter_searches=10
hyperparameter_searches=10
bad_uncer_frac=0.1
trust_region=array([18., 18., 18., 18., 18., 18., 18., 18., 18., 18.])
has_trust_region=True
predict_global_minima_at_end=True
predicted_best_parameters=array([-4.19711074,  2.27742179, -3.5172294 , -0.85279637, -1.11765786,        6.56270721, -1.47303692, -3.08602358,  3.49943757, -5.57035889])
predicted_best_scaled_cost=array([-1.15261597])
predicted_best_scaled_uncertainty=array([0.00448295])
predicted_best_cost=array([79.47379565])
predicted_best_uncertainty=array([1.08829026e-05])
all_params=array([[ 3.70439001e+00, -5.91095501e+00,  7.56234873e+00,        -9.45224814e+00,  3.40935020e+00, -1.65390395e+00,         1.17379657e+00, -7.19226123e+00, -6.03797022e+00,         6.01489137e+00],       [ 9.36523151e+00, -3.73151644e+00,  3.84645231e+00,         6.25504853e+00,  7.89213327e+00, -8.29911577e+00,        -9.21890434e+00, -6.60339161e+00,  7.56285007e+00,        -8.03306332e+00],       [-7.87525386e-01,  9.15779060e+00,  6.63305699e-01,         3.83754228e+00, -3.68968738e+00,  3.52467530e+00,         5.67518459e+00, -9.63423445e+00,  5.00288630e+00,         9.74452674e+00],       [ 4.96331309e+00, -3.55802497e+00,  5.78558657e+00,        -7.93547987e+00, -1.04212948e+00,  8.17191006e+00,        -4.12771703e+00, -4.71478560e+00, -7.39942856e+00,        -7.90192027e+00],       [ 3.57671066e+00, -4.85466812e+00, -4.68906681e+00,        -1.68536814e-01, -8.93274910e+00,  1.48235211e+00,        -7.06542850e+00,  8.23047326e-01,  3.99516720e+00,        -6.38730983e+00],       [-1.71888024e+00,  4.24182378e+00, -1.71641461e+00,        -9.00093082e+00,  7.17928118e-01,  3.27589290e+00,         2.97782241e-01,  7.34820583e+00,  1.73110081e+00,         8.23655625e+00],       [-7.25050592e+00, -7.21447305e+00,  6.14782577e+00,        -2.44451026e+00, -6.69291606e+00,  8.55017161e+00,        -3.04468281e+00,  5.01624206e+00,  4.51995971e+00,         7.69372650e+00],       [ 2.47344414e+00,  5.01884868e+00, -3.02203316e+00,        -4.87162131e+00,  7.91772436e+00, -1.43817620e+00,         9.29680094e+00,  3.26882996e+00,  2.43391440e+00,        -7.49566817e+00],       [ 8.98978517e+00, -1.00175733e+00,  1.56779229e+00,        -2.24578065e+00, -5.25946040e+00,  8.06759041e+00,         1.47358973e+00, -9.94259346e+00,  2.34289827e+00,        -3.30781561e+00],       [ 5.41162045e-01,  7.71884199e+00, -2.85460480e+00,         7.26132218e+00,  2.46720232e+00, -9.68357514e+00,         8.58874467e+00,  3.81793835e+00,  9.94645701e+00,        -6.35740181e+00],       [-7.25728501e+00,  8.65190926e+00,  3.93636323e+00,        -8.74605815e+00,  5.10926105e+00,  5.07752377e+00,         8.46049071e+00,  4.23049517e+00, -7.51458076e+00,        -9.37054385e+00],       [-9.47578026e+00, -9.43387024e+00, -5.07577865e+00,         6.33973049e+00,  7.76621287e-01,  1.05643957e+00,         6.84061785e+00, -7.51653370e+00, -4.41632642e+00,         1.81317666e+00],       [ 9.39191497e+00,  1.22060439e+00, -9.62705421e+00,         5.21127554e+00, -5.34051452e+00,  6.14210391e+00,        -2.24278712e+00,  7.27083709e+00,  4.94243285e+00,         1.22977883e+00],       [-7.27089549e+00, -8.80164621e+00, -7.57313089e+00,        -9.15355578e+00, -7.85011742e+00, -5.48581323e+00,         4.25977961e+00,  1.19433964e+00, -9.74888040e+00,        -8.34098412e+00],       [ 9.34552660e+00,  1.36200924e+00, -5.93413531e+00,        -5.20604572e+00,  4.87651708e+00, -6.09141038e+00,         1.62717855e+00,  9.40039978e+00,  6.93657603e+00,        -5.02322606e+00],       [-1.24605715e-01,  2.39911437e+00,  6.57961799e+00,        -7.02110945e+00, -9.62847596e+00, -8.59955713e+00,        -2.73097781e-01,  2.12658923e+00,  1.37702874e+00,        -3.49126963e+00],       [ 9.77232309e+00,  1.59490438e+00, -2.39717655e+00,         4.67503329e-01,  4.90668862e+00,  3.38465787e+00,        -4.70160885e+00, -8.67330331e+00, -2.59831604e+00,         2.68194278e+00],       [-5.79651980e+00,  5.05511107e+00, -8.66927037e+00,        -5.05425543e+00,  6.09509127e+00, -6.13131435e+00,         2.78921762e+00,  4.93406182e-01,  8.49615941e+00,        -4.55979284e+00],       [-8.68077819e+00,  4.70131927e+00,  5.44356059e+00,         7.24765618e+00,  8.63944138e+00, -9.72096854e+00,        -5.31275828e+00,  2.33556714e+00,  8.98032641e+00,         9.01530854e+00],       [ 1.13306376e+00,  8.31212700e+00,  2.83132418e+00,        -2.59021646e+00, -2.80186658e-01,  2.08620966e+00,         9.90958430e-01,  8.52362853e+00,  8.37466871e+00,        -1.95934179e+00],       [ 9.26525057e+00, -6.26305593e+00, -7.47340961e+00,        -7.29841684e+00,  1.13243314e-01, -9.56950389e+00,         8.95940422e+00,  6.63283670e+00, -9.33057881e+00,        -6.47607489e+00],       [-3.35872851e+00, -7.10882376e+00,  6.18981384e+00,        -3.10526695e+00,  8.80214965e+00,  1.64028360e+00,         7.57663969e+00,  6.97599038e+00,  8.14329291e+00,        -8.02394684e-01],       [ 9.26936320e-01,  6.03493308e+00, -4.28562297e+00,        -1.94929548e-01,  1.98220615e+00, -9.68933449e+00,         1.86962816e+00, -1.02992980e+00,  6.21938656e+00,        -3.69510394e+00],       [ 7.85777417e+00,  1.55714431e+00, -6.31979597e+00,         5.75858468e+00,  2.24062354e+00, -9.01288535e+00,        -1.59612640e+00,  3.58137673e+00,  8.37203556e+00,        -9.99195950e+00],       [ 9.53518298e+00, -2.46839371e+00,  9.47567077e+00,         2.09432202e+00,  6.57691616e+00,  5.23350128e-01,         2.56152397e+00, -4.28847437e+00,  1.73666681e+00,         5.00043527e+00],       [ 7.16627673e+00,  5.10164377e+00,  3.96114497e+00,         7.28958860e+00, -3.54638006e+00,  2.28258918e+00,        -9.82521272e-01, -2.35794496e+00, -1.78377300e+00,        -1.97040833e+00],       [-3.65232108e+00,  2.43838736e+00, -1.39505458e+00,         9.47604156e+00,  3.55601783e+00, -6.36405319e+00,        -1.46597981e+00, -3.13307520e+00,  5.95277608e+00,         7.59996577e+00],       [ 8.07683912e+00,  3.25439625e+00, -4.59583476e+00,        -4.95266597e+00,  7.09795885e+00, -3.37193626e-01,         6.04322168e+00,  1.44977034e+00,  4.66285051e+00,         3.80232549e-01],       [ 5.41767821e+00,  1.37715981e+00, -6.85802428e-01,        -3.14622184e+00, -8.63581303e+00, -3.07995676e+00,        -8.40747845e+00,  9.65634227e+00, -6.36774297e+00,         6.23717395e+00],       [ 7.49923290e+00,  3.76826505e+00,  1.38988825e+00,        -6.78057126e+00, -6.62399545e-01, -3.67967003e+00,        -5.49920084e+00,  1.85023738e+00, -3.75460325e+00,         8.32611107e+00],       [ 8.19271050e+00, -4.85763412e+00, -7.78217399e+00,        -6.14074536e+00, -8.31658642e-03,  3.34088846e+00,        -5.83611123e+00, -5.03932883e+00,  7.03343750e+00,        -1.68302563e+00],       [ 2.33370134e+00, -5.32667722e+00, -7.96065481e+00,         3.17140339e-01, -4.57180259e-01, -7.20448059e+00,         2.43612463e+00,  8.80202376e-01,  3.08274694e+00,        -7.10908920e+00],       [ 5.03055634e+00, -5.55901720e+00,  3.87036487e-01,         5.70592056e+00, -9.55339144e+00, -4.06070750e+00,         7.45844753e+00,  6.89419215e+00,  7.68811852e-01,         7.33216548e+00],       [ 8.99611983e+00,  6.52813995e+00,  7.08230888e+00,        -8.02513196e+00,  3.02608665e+00,  2.88186425e+00,         2.20481625e+00,  5.99230523e+00, -9.30857560e+00,         5.40477469e+00],       [ 4.63457201e+00, -4.80603213e+00, -4.85861402e+00,         2.64606635e+00, -3.09405077e+00,  4.58606883e+00,        -1.07707536e+00,  5.65498830e+00,  9.80943567e+00,        -3.99503321e+00],       [-7.13988343e+00,  8.02616873e+00,  8.31187578e-01,         9.49480742e+00,  2.73208800e+00,  8.19920894e+00,         9.21416083e-01,  5.28518678e-01, -7.29144194e+00,        -2.88589658e+00],       [-9.47562865e+00, -6.79209641e+00,  4.91274385e+00,        -9.39200620e+00, -2.66913806e+00,  5.79013379e+00,         3.85355435e+00,  3.81884284e+00, -6.22726398e+00,        -1.16191439e+00],       [ 1.63154815e+00,  9.79503415e+00, -5.92187550e+00,        -5.04534196e+00, -4.75653832e+00,  3.73615614e+00,        -8.60493451e-01, -8.86141123e+00,  1.70324812e-01,        -5.76079671e+00],       [ 5.97208490e+00, -4.05337237e+00, -9.44787976e+00,         1.86864899e+00,  6.87680858e+00, -3.02334120e+00,         4.99716621e+00,  2.22829566e-01,  8.19036099e-01,         9.18868642e+00],       [ 6.07921783e+00, -9.35353867e+00,  4.18774502e+00,        -6.99970369e-01,  8.95097883e+00, -5.94541927e+00,        -4.65855961e+00, -8.37052070e+00, -1.42762343e+00,        -7.81962472e+00],       [ 2.67573521e+00,  6.05926475e+00,  3.93600992e+00,         5.32422762e+00, -3.15091760e+00,  5.48810358e+00,        -1.42462450e+00,  6.48019741e+00,  2.52992317e+00,        -7.13153903e+00],       [-8.43226200e+00, -9.63334714e+00, -8.66550005e+00,        -8.28323726e-01, -7.73316154e+00, -9.49126839e+00,         5.09722963e+00, -2.10299039e+00,  4.93876991e+00,        -9.51903465e-01],       [-9.98265060e-01, -4.38549866e-01, -5.19921469e-01,         6.06326684e+00, -1.95214960e+00,  6.56540567e+00,        -9.25877904e+00,  5.47748685e+00, -7.48717238e+00,         2.37027134e+00],       [-9.79271477e+00,  7.72545652e-01, -9.93964087e+00,         9.02387571e+00,  8.10804067e+00,  4.57468443e+00,         8.30548640e+00, -7.08883538e+00, -6.84539860e+00,        -6.24736654e+00],       [ 2.44991805e+00,  8.11618992e+00,  9.79910357e+00,         4.22244918e+00,  4.63600818e+00,  6.64976372e+00,        -1.98252535e+00, -5.00298640e+00, -6.53139658e+00,        -7.61085899e+00],       [ 6.25221176e+00, -7.06415253e+00, -4.71405035e+00,         6.38178357e+00, -3.78825496e+00,  7.98871731e+00,        -4.66722596e+00,  6.73066899e-01, -3.71065978e+00,         8.21545662e+00],       [-2.66886712e+00, -1.32815345e+00,  2.45853846e-01,         8.77772955e+00, -9.38101987e+00,  3.12652542e+00,         7.82037909e+00, -9.45425553e+00,  4.41024945e-01,        -3.48020376e+00],       [ 7.18978642e+00,  1.17033102e+00,  3.80455736e+00,        -9.42930001e-01,  2.56618075e+00, -4.68813358e+00,        -9.81302844e+00,  1.53511870e+00, -3.77111572e+00,         3.45351970e-01],       [ 8.32811706e+00, -1.47050423e+00, -5.05207927e+00,        -2.57412477e+00,  8.63722233e+00,  7.15468356e+00,         6.88659897e+00,  8.40413029e+00, -5.44199420e+00,        -8.25035581e+00],       [-5.45380527e+00, -3.71246768e+00, -6.50468247e+00,         2.14188324e+00, -1.72827170e+00,  4.94793947e+00,        -6.29739203e+00,  4.03753060e+00, -5.19288750e+00,         1.48438178e+00],       [-3.02024806e+00, -8.86071201e+00, -5.42372658e+00,         3.28205111e+00, -5.49981328e-02, -4.96471921e-01,        -6.50559700e+00,  1.41431703e+00,  9.93506850e+00,         6.33670218e+00],       [ 1.88745248e+00,  9.51978137e+00,  8.03125169e+00,         1.91215867e+00, -9.35147349e+00, -8.28654110e+00,        -8.69256570e+00, -9.65337026e-01, -2.49130334e+00,         9.50700069e+00],       [-6.64033414e+00,  9.45575184e+00,  5.34949738e+00,         6.48475679e+00,  2.65231634e+00,  2.24494207e+00,        -4.62353330e-01, -9.73727286e+00, -2.93987829e+00,        -1.58563970e-01],       [ 4.60182422e+00, -6.27433145e-01, -8.51901678e-01,        -7.24674518e+00, -9.78222532e+00,  3.88457959e+00,        -3.60094324e+00,  9.68766900e+00, -5.59531548e+00,        -3.22583949e+00],       [ 4.77922713e-01,  5.09782914e+00, -7.22844322e-01,        -7.50354914e+00, -3.74997243e+00, -7.61918240e-01,         3.47698016e+00,  5.40299913e+00, -7.39328438e+00,        -9.54169737e+00],       [ 3.81646444e-01,  6.19977421e+00, -9.74792466e+00,         3.44939689e+00,  3.73616453e+00, -1.77399296e+00,         8.29577373e+00,  2.88722170e+00, -9.89520325e+00,        -3.11431090e-01],       [ 7.18635612e+00,  6.60799140e+00,  2.98308394e+00,         3.47396848e+00,  1.56999160e+00, -4.98068449e+00,         1.21059981e+00,  3.43459570e+00, -2.95140740e+00,         7.11656735e+00],       [-6.09925028e+00,  4.94641621e+00, -4.20794508e+00,         5.47598574e+00, -1.44525341e+00,  6.15396818e+00,        -2.92930275e+00, -5.72613525e+00,  5.34569017e+00,        -3.82716105e+00],       [ 4.66490135e+00,  4.88946306e+00, -5.57206598e+00,        -5.71775726e+00, -6.02104153e+00, -7.14963324e+00,        -2.45834802e+00, -9.46744231e+00, -7.78159262e+00,         3.49128048e+00],       [ 5.99553074e+00, -8.38940946e+00, -5.36595379e+00,        -5.84748676e+00,  8.34667126e+00,  4.22629036e+00,         1.07769222e+00, -3.90964024e+00,  6.69708095e+00,        -1.29388085e+00],       [ 8.46912430e+00,  4.12103609e+00, -4.39373841e-01,        -7.47579793e+00,  9.52087101e+00, -6.80332699e+00,        -5.94795750e+00, -1.37636490e+00, -1.91596188e+00,        -7.06497038e+00],       [ 4.58637839e+00, -6.22509866e+00,  2.87791289e+00,         5.08611901e+00, -5.78535216e+00,  2.01908496e+00,         4.97856750e+00,  2.76437421e+00,  1.94254606e+00,        -4.09035429e+00],       [ 4.63212942e+00,  8.90616880e+00, -1.48877219e+00,         5.64363634e+00, -8.87717921e+00,  6.70543205e+00,        -6.15499966e+00, -2.09806262e+00, -3.99837908e+00,        -8.39792712e+00],       [ 8.09262006e+00, -2.59691645e+00,  6.13948770e-01,        -1.17674682e-01, -7.35677716e+00, -5.87091882e+00,        -8.47622382e+00,  1.58433999e-01, -4.76900896e+00,        -2.85876782e+00],       [-7.83869343e+00,  5.75103679e+00, -7.86832246e+00,         9.71417647e+00, -6.45677671e+00,  1.44810225e+00,        -9.10309331e+00,  5.74232579e+00, -6.20788104e+00,         5.58079568e-01],       [ 4.80155086e+00, -7.00137030e+00,  1.02174348e+00,        -5.66765583e+00,  5.18392099e+00,  4.45830387e+00,        -6.46901931e+00,  7.23933115e+00, -9.60449801e+00,         7.20473995e+00],       [ 1.17807622e+00, -1.93559056e+00,  5.17493862e+00,         4.33858003e+00,  9.74652350e+00, -4.43829903e+00,        -9.92412655e+00,  8.67805217e+00,  7.15794209e+00,         4.57701755e+00],       [ 3.33775658e-01,  4.13912490e+00,  5.61059114e+00,        -2.50248113e+00,  5.40645051e+00,  5.01248638e+00,         2.26422423e+00, -1.96268152e+00,  3.94616039e+00,        -9.93774284e+00],       [ 5.49793293e+00,  7.92833205e+00, -5.21368585e+00,        -7.58465631e+00, -5.59432024e+00, -3.95806537e+00,         7.66057017e+00,  8.63328605e-01, -4.26576701e+00,        -7.23290620e+00],       [-4.19711074e+00,  2.27742179e+00, -3.51722940e+00,        -8.52796366e-01, -1.11765786e+00,  6.56270721e+00,        -1.47303692e+00, -3.08602358e+00,  3.49943210e+00,        -5.57035889e+00],       [-6.55083521e-01, -3.70468625e+00,  2.53711204e+00,         7.54720949e+00, -1.04622000e+00,  5.68914838e+00,        -8.60685989e-01,  3.12458663e+00, -7.36318050e+00,        -1.34036986e+00],       [ 8.18623977e+00,  2.10958002e+00,  5.33549174e+00,         9.40121619e-02, -3.88875034e-02,  6.85799680e+00,        -8.64386131e+00,  1.46544543e+00,  8.85525151e+00,         3.57200963e-01],       [-6.11068381e+00,  6.95878785e+00, -4.96721715e+00,         4.01452073e+00,  8.05218808e-01,  8.97672577e+00,         2.48673405e+00,  6.75955924e+00, -9.84134248e+00,         9.78680112e+00],       [-8.44570859e+00, -3.55740973e+00,  8.92304791e+00,        -9.82121795e+00,  6.45460011e+00,  7.22423277e+00,        -1.20338372e+00, -4.88509612e+00,  6.05379039e+00,        -4.42759911e-01],       [-7.31322783e+00,  8.55697986e+00,  7.91939934e+00,        -1.69097000e-01,  7.13404993e+00, -1.62843948e+00,         3.66929800e+00, -2.04018721e+00,  1.14840349e-01,        -6.20896594e+00],       [ 9.29977848e+00, -4.11568624e+00, -7.93080888e+00,        -7.11369200e+00, -9.71815412e+00,  4.31891399e+00,         1.28996640e+00,  5.89156702e+00,  1.41598466e-01,         5.83642079e+00],       [ 3.91528429e+00,  5.55696954e+00, -1.87034262e+00,         2.95541266e+00, -6.40411405e+00, -3.56360073e+00,        -6.54790760e+00, -1.82725550e+00, -5.17162504e+00,        -1.86156012e+00],       [ 9.50444685e+00, -3.59361348e+00,  9.64981890e+00,         2.72612252e+00, -2.49817963e+00,  7.14968998e+00,         2.39173479e+00, -4.95933840e+00,  5.85711356e+00,        -1.34122983e+00],       [-2.84977665e+00, -3.39446127e+00,  3.94737751e+00,        -4.62699752e+00,  6.16556027e+00, -4.09422411e+00,         8.82427672e-01, -2.41570164e-01,  7.10712825e+00,         7.76772869e+00],       [-6.31231115e+00,  1.70696918e+00,  7.96410092e+00,        -1.07765562e+00,  8.43736611e+00, -4.42018219e+00,         2.17662348e+00,  3.64907420e+00, -5.43588533e+00,        -9.72464975e+00],       [-1.66552075e+00,  8.76963784e+00, -3.13943780e+00,         5.59488591e+00, -6.50527374e+00, -3.16094327e+00,        -7.10804558e+00,  4.33541628e+00,  3.98615247e+00,         3.76994636e+00],       [-4.93207931e+00,  3.84720243e+00, -5.45404918e+00,        -1.50701768e+00, -2.56155757e+00, -2.89384177e+00,        -8.84690386e+00,  2.63293254e+00,  4.14633205e+00,         2.27177389e+00],       [ 2.96625512e+00, -6.60118572e+00, -7.01106402e+00,         2.83500871e-01,  7.50665453e+00, -6.32093117e+00,        -7.43217626e-01, -1.42135332e+00, -5.42162816e-02,        -6.76978459e+00],       [-3.15118718e+00, -4.76239192e+00,  6.89053886e+00,         6.00664492e+00, -1.46721683e+00,  2.14030922e+00,        -7.09068779e+00,  1.92265884e-01, -4.06105828e+00,         7.19301907e+00],       [ 3.43196762e+00,  2.66948025e+00, -7.50497400e+00,        -5.88242410e-01,  9.73145559e+00,  8.96598348e+00,         2.90171281e+00, -6.96550258e+00,  2.78253697e+00,         1.31324225e+00],       [-6.26683247e-01, -1.43925061e+00,  1.98539511e+00,         6.99939777e+00,  5.02242081e+00,  1.58721081e+00,         8.49408363e+00, -8.70520033e+00,  9.82693017e+00,        -8.94010915e+00],       [-6.01008908e+00, -1.54494677e+00, -7.84982248e+00,         2.47340822e+00, -9.04014872e+00, -4.30752238e+00,        -8.77926638e+00,  4.07038662e+00,  3.36912335e+00,        -2.42838813e+00],       [-6.23611480e+00,  4.94009658e+00, -3.19241418e+00,         5.90602335e+00, -2.41981216e-01,  5.13388887e-01,        -9.43018301e+00,  2.88464040e+00, -2.98686995e+00,        -5.41589945e+00],       [-1.32233248e+00, -2.35065085e+00, -6.04219198e-01,         9.58966708e+00, -2.71243859e+00,  5.48820267e+00,         1.05535193e+00,  7.78262178e+00, -2.90094298e+00,        -5.08962640e+00],       [ 8.22038479e+00, -9.12931472e+00,  9.01506856e+00,         1.12813831e+00, -2.47273567e+00,  9.90104645e+00,        -8.83274708e+00,  3.34127195e-01, -9.37805849e+00,         1.42351478e+00],       [-6.39062982e+00,  2.61918401e+00,  9.61847352e+00,         7.49805102e+00, -9.63275012e-01,  4.16921740e+00,         5.54937500e+00, -1.03138316e-01,  5.70669804e-01,        -6.98431203e+00],       [-2.61200149e+00, -7.15557494e+00,  4.53787507e+00,        -4.59740112e-01, -1.02242327e+00,  7.71995942e+00,         5.52375446e-01, -1.81818336e+00, -4.62215956e+00,        -8.55975930e+00],       [-1.63727733e+00, -9.48493035e+00, -4.17692119e+00,         7.01901970e-02,  9.31866130e+00, -7.81234172e+00,         3.46082108e+00, -1.35257802e-03,  5.54196459e+00,        -7.12786004e+00],       [-8.33594727e+00, -2.01562789e+00,  5.93924504e+00,        -6.16648522e+00,  5.35554384e+00, -4.19404006e+00,        -5.66217025e+00, -9.66568822e+00, -2.02681880e+00,        -2.37837017e+00],       [ 3.18689872e+00, -8.58163199e+00, -6.94792026e+00,        -9.66848234e+00, -7.72407287e+00,  3.03578552e+00,        -1.94686296e+00, -3.57947372e+00,  1.15823988e+00,         9.86920926e+00],       [ 6.68973028e+00,  3.99246365e+00,  8.36517178e+00,        -9.20542587e+00, -8.59333117e+00, -5.19874200e-01,        -3.01665174e+00,  8.74504124e+00, -2.08700777e-01,         7.92982202e-01],       [ 7.90520731e+00, -1.06729908e+00,  7.54068779e+00,        -4.92836501e+00, -4.52380592e+00, -3.43277220e+00,         9.51285410e-01, -5.59742652e+00,  3.42858342e+00,        -7.14413434e+00],       [-8.11799451e+00,  7.40383492e+00, -5.26262593e+00,        -2.27991978e+00,  1.43084185e+00,  5.16039399e-01,        -8.47952241e+00,  7.48251871e+00,  9.02271237e+00,         6.25014608e+00],       [-4.32396330e+00,  5.56935922e-01, -3.21166552e+00,         1.09334622e+00,  9.48806938e+00, -3.76594165e+00,         3.37593212e+00, -3.48065585e+00,  5.48954532e+00,        -3.48380067e+00],       [ 7.79654683e+00,  5.03415442e+00,  5.25264191e+00,        -6.10419429e-01, -5.78470995e+00, -9.17049841e+00,        -3.56342400e+00, -9.25774671e+00,  3.87710823e+00,         3.40700064e+00]])
all_costs=array([ 564.73734523,  463.18552606,  224.45964482, 1163.41656951,        408.75682652,  190.07980198,  232.06600227,  521.73245551,        661.08822922, 1258.34800336,  423.39578343, 1350.42329956,        237.16751276,  263.5767513 ,  216.78775538,  712.28016839,        604.49287459,  372.98838684,  596.16990418,  139.49607356,        395.40781003, 1547.86309743,  127.51913484,  413.72085947,        187.5994383 ,  226.01330289,  400.62265615,  176.20523174,       1031.74206134, 1145.18205423,  628.71809307,  356.44191741,        721.55172596,  637.73121004,  320.31470901,  392.83029725,        200.94240398, 1161.07639936,  725.17287466,  286.64185208,        131.03415002,  745.7189362 ,  249.80826613, 1957.21186499,        485.77330916,  255.83320991,  332.17585435,  806.02132113,        733.01572362,  151.27795882,  407.36200462, 2031.53669421,        199.44019377,  708.26062199,  299.08266429,  699.05754777,        107.08861855,   89.72490824, 1601.78671836,  303.5245304 ,        852.46584827,  382.74149995, 1055.01835807, 1009.42656858,        387.04034692,  331.14349696,  371.74433868,  193.3405415 ,        389.14461673,   79.46907785,  233.49951952,  751.78869833,        530.29486863,  298.68472893,  271.41709326,  427.0848234 ,        827.54540537,  218.91636169,  216.48122745,  440.60867295,        376.57185942,  373.14937499,  347.27252938,  178.27846206,        247.80155829, 1072.23541965,  267.57037431,  231.54935195,        691.2812441 ,  802.59930071,  494.26708164,   89.45885475,       1326.75560283,  476.00215804,  726.07046148, 1323.91051552,        723.15896422,  361.8923834 ,  615.99835948, 1450.24083208])
all_uncers=array([0., 0., 0., 0., 0., 0., 0., 0., 0., 0., 0., 0., 0., 0., 0., 0., 0.,       0., 0., 0., 0., 0., 0., 0., 0., 0., 0., 0., 0., 0., 0., 0., 0., 0.,       0., 0., 0., 0., 0., 0., 0., 0., 0., 0., 0., 0., 0., 0., 0., 0., 0.,       0., 0., 0., 0., 0., 0., 0., 0., 0., 0., 0., 0., 0., 0., 0., 0., 0.,       0., 0., 0., 0., 0., 0., 0., 0., 0., 0., 0., 0., 0., 0., 0., 0., 0.,       0., 0., 0., 0., 0., 0., 0., 0., 0., 0., 0., 0., 0., 0., 0.])
best_cost=79.46907785047559
best_params=array([-4.19711074,  2.27742179, -3.5172294 , -0.85279637, -1.11765786,        6.56270721, -1.47303692, -3.08602358,  3.4994321 , -5.57035889])
best_index=69
worst_cost=2031.5366942079863
worst_index=51
cost_range=1952.0676163575108
fit_count=1
costs_count=100
params_count=0
update_hyperparameters=True
length_scale=array([1.00000000e+05, 1.00000000e+05, 1.23632838e+04, 1.00000000e+05,       1.00000000e+05, 1.07954396e+03, 4.14583283e+00, 1.00000000e+05,       1.75905049e-02, 1.00000000e+05])
noise_level=9.999999999999997e-06
