archive_type='gaussian_process_learner'
num_params=10
min_boundary=array([-10., -10., -10., -10., -10., -10., -10., -10., -10., -10.])
max_boundary=array([10., 10., 10., 10., 10., 10., 10., 10., 10., 10.])
start_datetime='2020-01-28_17-15'
cost_has_noise=True
length_scale_history=[array([2.69608975e-03, 2.25964427e+02, 1.30122399e-01, 1.99525115e-05,       7.91535778e+01, 2.34582896e+01, 1.58346166e-02, 1.96329272e+04,       1.05150720e-01, 1.05638805e-04]), array([4.77494697e+03, 4.47239709e-02, 2.47913501e-01, 7.37102553e+01,       3.24131467e-03, 8.41959511e+00, 2.46450592e+03, 3.68455714e-01,       4.31508066e-01, 1.16069733e+00]), array([1.00000000e+05, 1.66383356e+01, 1.00000000e+05, 6.60951448e+00,       1.00000000e+05, 1.00000000e+05, 7.40921636e+00, 1.00000000e+05,       8.21092367e+04, 8.54300033e+00]), array([3.31916127e-01, 6.31029383e+04, 7.50136901e+03, 1.00000000e+05,       8.68821712e-03, 2.49488846e+03, 3.89248230e+01, 1.51228003e+00,       2.28117248e-02, 1.00000000e+05]), array([2.57410416e+00, 9.20817622e+00, 1.45049886e+03, 4.93551751e+00,       1.00000000e+05, 6.95280368e+04, 1.00000000e+05, 5.23970468e+04,       4.59640468e+01, 9.63822328e+00]), array([2.90352092e+01, 1.00000000e+05, 7.83652216e+04, 6.84546043e+00,       2.46452128e+03, 1.15678860e+00, 1.24284399e+01, 4.18420305e+01,       1.58053769e+01, 2.16230456e+01]), array([8.35841903e+00, 9.99982602e+04, 7.80342033e+04, 8.00379837e+00,       1.17057934e+02, 1.85474215e+00, 1.00000000e+05, 1.44143362e+01,       1.71282297e+01, 2.17710670e+01]), array([3.23854262e+01, 9.99984128e+04, 7.80380779e+04, 6.50497373e+00,       1.00000000e+05, 4.56393037e-01, 9.99985871e+04, 4.18679926e+01,       1.55140929e+01, 1.03495769e+01]), array([1.25743133e+01, 9.99978722e+04, 7.80379474e+04, 6.29933092e+00,       9.99995749e+04, 2.54496132e-01, 9.99984386e+04, 4.04813607e+01,       1.62034246e+01, 1.86039973e+01]), array([1.34162534e+01, 1.88278441e+01, 1.00000000e+05, 8.39056693e+00,       5.78972400e+00, 1.84500678e+00, 1.66524505e+04, 9.93560741e+04,       1.59540688e+01, 2.01165865e+01]), array([1.25088989e+01, 9.71581940e+00, 1.00000000e+05, 7.11651232e+00,       7.63896462e+00, 2.14324017e+00, 1.66521834e+04, 9.93555870e+04,       1.43658053e+01, 1.85438976e+01]), array([1.23306244e+01, 1.56737483e+01, 1.00000000e+05, 7.60576933e+00,       1.23168713e+01, 1.48818207e+00, 1.12490038e+01, 9.99999849e+04,       1.41837353e+01, 2.00243166e+01]), array([4.04446887e+00, 1.52140048e+01, 3.44082995e+04, 1.10238848e+01,       2.15583404e+01, 8.27789849e+00, 9.69702736e-01, 1.90322974e+04,       4.90037519e+04, 2.04619500e+01]), array([4.13287373e+00, 1.62870160e+01, 3.44081567e+04, 7.96983072e+00,       2.14877532e+01, 6.38308144e+00, 7.30131800e-01, 1.90322815e+04,       4.90021330e+04, 2.00841570e+01]), array([4.00032015e+00, 1.09441589e+01, 3.44081380e+04, 1.00393606e+01,       1.22012189e+01, 4.47035709e+00, 8.37693234e-01, 1.90326793e+04,       4.90008549e+04, 2.02026178e+01]), array([8.72132882e+00, 9.21440599e+00, 1.71135853e+04, 7.96634036e+00,       3.79086780e+00, 7.99164225e+03, 3.09114611e+04, 7.78670967e+00,       9.79642932e+00, 1.80377046e+01]), array([3.54011106e+00, 1.31566486e+01, 1.29164512e+04, 1.12552024e+01,       8.23778256e+04, 6.21846800e-01, 1.35715843e+00, 1.00000000e+05,       1.00000000e+05, 1.73660461e+01])]
noise_level_history=[9.999999999999997e-06, 9.999999999999997e-06, 9.999999999999997e-06, 9.999999999999997e-06, 9.999999999999997e-06, 9.999999999999997e-06, 9.999999999999997e-06, 9.999999999999997e-06, 9.999999999999997e-06, 9.999999999999997e-06, 9.999999999999997e-06, 9.999999999999997e-06, 9.999999999999997e-06, 9.999999999999997e-06, 9.999999999999997e-06, 9.999999999999997e-06, 9.999999999999997e-06]
bad_run_indexs=[[], [], [], [], [], [], [], [], [], [], [], [], [], [], [], [], []]
bias_func_cycle=4
bias_func_cost_factor=[1.0, 1.0, 1.0, 1.0]
bias_func_uncer_factor=[0.0, 1.0, 2.0, 3.0]
generation_num=4
search_precision=1e-06
parameter_searches=10
hyperparameter_searches=10
bad_uncer_frac=0.1
trust_region=array([18., 18., 18., 18., 18., 18., 18., 18., 18., 18.])
has_trust_region=True
predict_global_minima_at_end=True
all_params=array([[  3.70439001,  -5.91095501,   7.56234873,  -9.45224814,          3.4093502 ,  -1.65390395,   1.17379657,  -7.19226123,         -6.03797022,   6.01489137],       [  9.36523151,  -3.73151644,   3.84645231,   6.25504853,          7.89213327,  -8.29911577,  -9.21890434,  -6.60339161,          7.56285007,  -8.03306332],       [ -0.78752539,   9.1577906 ,   0.6633057 ,   3.83754228,         -3.68968738,   3.5246753 ,   5.67518459,  -9.63423445,          5.0028863 ,   9.74452674],       [  4.96331309,  -3.55802497,   5.78558657,  -7.93547987,         -1.04212948,   8.17191006,  -4.12771703,  -4.7147856 ,         -7.39942856,  -7.90192027],       [  3.57671066,  -4.85466812,  -4.68906681,  -0.16853681,         -8.9327491 ,   1.48235211,  -7.0654285 ,   0.82304733,          3.9951672 ,  -6.38730983],       [ -1.71888024,   4.24182378,  -1.71641461,  -9.00093082,          0.71792812,   3.2758929 ,   0.29778224,   7.34820583,          1.73110081,   8.23655625],       [ -7.25050592,  -7.21447305,   6.14782577,  -2.44451026,         -6.69291606,   8.55017161,  -3.04468281,   5.01624206,          4.51995971,   7.6937265 ],       [  2.47344414,   5.01884868,  -3.02203316,  -4.87162131,          7.91772436,  -1.4381762 ,   9.29680094,   3.26882996,          2.4339144 ,  -7.49566817],       [  8.98978517,  -1.00175733,   1.56779229,  -2.24578065,         -5.2594604 ,   8.06759041,   1.47358973,  -9.94259346,          2.34289827,  -3.30781561],       [  0.54116205,   7.71884199,  -2.8546048 ,   7.26132218,          2.46720232,  -9.68357514,   8.58874467,   3.81793835,          9.94645701,  -6.35740181],       [ -7.25728501,   8.65190926,   3.93636323,  -8.74605815,          5.10926105,   5.07752377,   8.46049071,   4.23049517,         -7.51458076,  -9.37054385],       [ -1.71888011,   4.24182378,  -1.71641461,  -9.00091508,          0.71792812,   3.2758929 ,   0.29778225,   7.34820583,          1.73110081,   8.23655769],       [ -1.71762405,   4.24182378,  -1.71641406,  -8.9272478 ,          0.71792812,   3.2758929 ,   0.29781866,   7.34820583,          1.73110164,   8.24377491],       [ -1.71322108,   4.24182378,  -1.71641214,  -8.77981413,          0.71792812,   3.2758929 ,   0.29794629,   7.34820583,          1.73110456,   8.25821885],       [ -1.71888024,   4.24182378,  -1.71641461,  -9.00093082,          0.71792812,   3.2758929 ,   0.29778224,   7.34820583,          1.73110081,   8.23655625],       [ -9.47578026,  -9.43387024,  -5.07577865,   6.33973049,          0.77662129,   1.05643957,   6.84061785,  -7.5165337 ,         -4.41632642,   1.81317666],       [ -1.71322108,   4.11648108,  -2.12303791,  -8.92646737,          0.58389812,   3.2758929 ,   0.29794629,   7.0341515 ,          1.52255532,   8.89582294],       [ -1.71322108,   3.99114016,  -2.53168658,  -9.07521776,          0.45025857,   3.2758929 ,   0.29794629,   6.72009683,          1.31299214,   8.70483936],       [ -1.71322108,   3.86579924,  -2.94033526,  -9.22396818,          0.31661901,   3.2758929 ,   0.29794629,   6.40604213,          1.10342897,   8.51385576],       [ -1.71322108,   4.24182414,  -1.71635905,  -8.77777906,          0.71792811,   3.2758929 ,   0.29794629,   7.34820611,          1.73172918,   9.01953915],       [  9.39191497,   1.22060439,  -9.62705421,   5.21127554,         -5.34051452,   6.14210391,  -2.24278712,   7.27083709,          4.94243285,   1.22977883],       [ -5.14321452,  10.        ,   6.65359973,  -1.32310635,         -5.1323186 ,   0.20432328,  -3.6880144 ,  -2.06565251,         -4.56376046,   6.74943876],       [ -1.91702845,  10.        ,   4.01268923,  -0.16988159,          5.98636897,  -5.76754145,  -6.02556446,   7.3231326 ,          1.2968933 ,   6.27297101],       [ -2.11540786,  10.        ,  -2.56775391,   0.54579099,          8.41158932,   1.61621836,  -7.91335965,   9.21733569,         -8.47637109,   6.14201014],       [ -1.71322108,  10.        ,  -1.71641214,  -3.76925954,          0.71792812,   3.2758929 ,  -0.76505212,   7.34820583,          1.73110456,   7.01544906],       [ -7.27089549,  -8.80164621,  -7.57313089,  -9.15355578,         -7.85011742,  -5.48581323,   4.25977961,   1.19433964,         -9.7488804 ,  -8.34098412],       [ -0.6776012 ,   4.24182378,  -1.71641214,  -8.77981413,          0.70465965,   3.2758929 ,   0.32055766,   7.34855949,         -2.17711679,   8.25821885],       [  1.58606701,   4.24182378,  -1.71641214,  -8.77981413,          0.63579736,   3.2758929 ,   0.40858411,   7.35033327,        -10.        ,   8.25821885],       [  1.77678883,   4.24182378,  -1.71641214,  -8.77981413,          0.59349388,   3.2758929 ,   0.45135059,   7.35139913,        -10.        ,   8.25821885],       [ -1.53472021,   4.24182378,  -1.71641214,  -8.77981413,          0.71792809,   3.2758929 ,   0.29952592,   7.34820557,          1.71873794,   8.25821885],       [  9.3455266 ,   1.36200924,  -5.93413531,  -5.20604572,          4.87651708,  -6.09141038,   1.62717855,   9.40039978,          6.93657603,  -5.02322606],       [  0.21636562,   6.35458443,  -6.04854058,  -1.07535116,         -3.30070746,  -7.80685108,  -6.34748598,   5.38951855,         10.        ,   9.43371579],       [  0.69980752,   3.33668553,   0.6660806 ,  -0.80298331,         -6.86491477,  -6.03625695,   2.29040658,  -0.86818589,         10.        ,  10.        ],       [  0.47801223,  -1.48127776,   8.87640589,  -0.12746523,         -6.23160042,  -5.45774686,   1.90921107,   2.15729683,         10.        ,  10.        ],       [ -0.44001758,   8.3666584 ,   1.46702338,  -1.03659444,          0.45151059,   6.89604663,   9.28781831,   4.24223582,         10.        ,   8.47089932],       [ -0.12460571,   2.39911437,   6.57961799,  -7.02110945,         -9.62847596,  -8.59955713,  -0.27309778,   2.12658923,          1.37702874,  -3.49126963],       [-10.        ,   5.64482041,   8.20015698,  -7.4971158 ,          2.96904282,   2.62148606,  -6.33195989,  10.        ,         -0.54185058,  -8.2721002 ],       [-10.        ,   4.24186787,  -1.6099636 ,  -7.75831796,          5.15321395,   2.45422323, -10.        ,  10.        ,         -1.5499974 ,  -9.74178115],       [-10.        ,   4.11411684,  -4.83844627,  -8.51596652,          4.29819349,   2.26528209, -10.        ,  10.        ,         -1.83661656,  -9.74178115],       [ -9.50217551,   9.09132627,   9.36505847,  -7.50863443,          9.61998675,   3.0999517 ,  -0.74492401,  10.        ,          0.79190018,  -4.21239083],       [  9.77232309,   1.59490438,  -2.39717655,   0.46750333,          4.90668862,   3.38465787,  -4.70160885,  -8.67330331,         -2.59831604,   2.68194278],       [  5.85175876,  -2.4757915 ,   6.98857924,   7.04307633,         -9.31718286,   4.6177579 ,  -1.40364131, -10.        ,          7.45611338,   7.88965754],       [  7.35513099,   1.68223003,   3.04093599,   8.91953109,         -7.12734717,   4.71185248,   5.1338428 , -10.        ,          8.5466094 ,   8.8813621 ],       [  9.35473369,  -0.20878852,  -7.3196991 ,   9.22018587,         -9.25326661,   4.4910048 ,  -1.65432611, -10.        ,         10.        ,  10.        ],       [ -0.5473267 ,   4.2418687 ,  -1.7166316 ,  -7.16976616,        -10.        ,   3.04040459,   0.29794629,  10.        ,          2.86453315,  -1.97564295],       [ -5.7965198 ,   5.05511107,  -8.66927037,  -5.05425543,          6.09509127,  -6.13131435,   2.78921762,   0.49340618,          8.49615941,  -4.55979284],       [ 10.        ,  -7.93191811,   9.12792891,   9.22018587,         -0.10415098,   5.20997298,   3.35197395,  -8.93178457,         10.        ,  10.        ],       [ 10.        ,   4.75938232,   2.10393432,   9.22018587,         -7.96537086,   5.31732528,   7.15263423,  -7.76402003,         10.        ,  10.        ],       [ 10.        ,   4.24182077,   0.47587623,   9.22018587,          0.71792783,   5.39384529,   0.2948011 ,  -7.51641504,         10.        ,  10.        ],       [-10.        ,   4.24182378,  -1.71641214,  -6.44490662,          0.71792812,   3.34008832,   0.29794431,  10.        ,          1.47816996,   7.67353657],       [ -8.68077819,   4.70131927,   5.44356059,   7.24765618,          8.63944138,  -9.72096854,  -5.31275828,   2.33556714,          8.98032641,   9.01530854],       [ -1.40494603,   4.24182378,  -1.71641214,  -7.56645774,          0.71796824,   3.42672463,   0.29794629,  10.        ,          3.5928846 ,  -6.01721755],       [ -0.98378732,   4.24184862,  -1.71641214,  -7.9775705 ,          0.71789383,   3.52778373,   0.29794629,  10.        ,          4.25789205,  -9.74178115],       [  9.19910296,   4.24182378,  -1.71642836,   2.93749999,          0.71792812,   5.65431712,   0.29794629,  10.        ,          1.17716623,  -4.1950551 ],       [ -1.58735289,   4.24182378,  -1.71641214,  -7.4344622 ,          0.71792812,   3.33588538,   0.29794629,  10.        ,          2.95642162,  -0.09189969],       [  1.13306376,   8.312127  ,   2.83132418,  -2.59021646,         -0.28018666,   2.08620966,   0.99095843,   8.52362853,          8.37466871,  -1.95934179],       [  4.23605784,  10.        ,  -1.71643439,   7.79054917,         -2.94419751,   5.02702396,   0.28768056,   8.71423269,          4.35947489,  -4.77725207],       [  2.59867261,  10.        ,  -1.71637864,   9.89273883,         -2.93548466,   5.10123428,   0.29014485,   9.99997722,          4.00388724,  -8.90912216],       [ -0.55273423,  10.        ,  -6.21157916,  10.        ,         -2.8495054 ,   5.24311692,   3.80832135,   0.16568207,          4.64240303, -10.        ],       [  5.58790858,  10.        ,  -5.91780414,   6.4658878 ,         -2.90591145,   5.03935193,   4.9794146 ,  -6.99572736,          4.56504291,  -0.02720824],       [  9.26525057,  -6.26305593,  -7.47340961,  -7.29841684,          0.11324331,  -9.56950389,   8.95940422,   6.6328367 ,         -9.33057881,  -6.47607489],       [  3.69595269,   5.6142282 ,  -1.71640149,   1.80633193,         -2.98819388,   4.09361843,   0.34802346,   9.99999061,         10.        ,  -8.83533206],       [  4.77031533,   5.36622006,  -1.71640498,   1.58964455,         -3.59493373,   4.03896258,   0.37645578,   9.85392153,         10.        , -10.        ],       [  6.96226412,   5.60932009,  -1.71640258,   1.37550778,         -4.35998436,   3.93013821,  -0.02418687,   9.99999419,         10.        , -10.        ],       [  3.12424821,   5.86359542,  -1.71641214,   2.35705744,         -2.71568349,   4.2695788 ,   0.29801167,  10.        ,          8.13725264,  -6.68366746],       [ -3.35872851,  -7.10882376,   6.18981384,  -3.10526695,          8.80214965,   1.6402836 ,   7.57663969,   6.97599038,          8.14329291,  -0.80239468],       [  0.89993791,   5.06882674,  -1.71641214,  -6.4388586 ,          3.80316281,   2.73946025,   8.70965303,   9.99347549,          4.55924902,  -0.05492812],       [  1.84402286,   4.71930412,   5.40202136,  -6.8328037 ,          4.99517608,   2.57421713,  10.        ,   5.8007539 ,          5.02644012,  -0.49268002],       [  3.84168336,   2.71728757,  -5.69338517,  -7.6188927 ,          8.32039795,   2.24208384,  10.        ,  -3.22046844,          6.88947102,  -1.51733736],       [  0.10511157,   4.75502771,  -1.0150255 ,  -6.22464853,          3.13864746,   2.88343956,   5.03003453,   3.72160173,          4.16928373,   0.19037675],       [  0.92693632,   6.03493308,  -4.28562297,  -0.19492955,          1.98220615,  -9.68933449,   1.86962816,  -1.0299298 ,          6.21938656,  -3.69510394],       [ -0.41598765,   6.40399037,  -3.78175163,   0.05919542,          9.14308213,   7.96909955,   0.51123231,   6.41516842,         -3.27269185,   5.55141168],       [ -0.30493027,   6.21553113,   0.1031629 ,   0.18479965,         10.        ,  10.        ,   0.57096666,   9.30924137,          4.68817057,   5.85555323],       [ -0.01108727,   4.7647034 ,   2.62438124,   1.76299299,         10.        ,  10.        ,   0.73978182,   9.93639056,          7.41379081,   8.62081429],       [ -0.62003811,   6.46803226,  -1.70326267,  -0.64794101,          6.97217142,   5.81559897,   0.455295  ,   2.78183239,          6.26114716,   4.76118455],       [  7.85777417,   1.55714431,  -6.31979597,   5.75858468,          2.24062354,  -9.01288535,  -1.5961264 ,   3.58137673,          8.37203556,  -9.9919595 ],       [  1.07887645,   7.47112995,   3.19453744,   2.13938683,          6.07444026,   7.69292411,  -0.3335335 ,   2.98507254,          2.27416654,   3.49780943],       [  1.33797441,   7.24581313,   8.38182416,   2.75647939,         10.        ,   8.40513821,  -0.4527437 ,  -6.86328606,          8.65637113,   3.24758364],       [  3.71114863,   9.19870551,  -6.70172451,  -4.25475898,         -5.78597681,   8.87312028,   5.27508423,  -2.42186479,         -7.81163152,   9.90247892],       [ -1.6178044 ,   7.23050285,  -1.71648347,  -6.23283082,         10.        ,   5.17328731,   0.20720264,   9.99955392,          2.95649835,   0.6745329 ],       [  9.53518298,  -2.46839371,   9.47567077,   2.09432202,          6.57691616,   0.52335013,   2.56152397,  -4.28847437,          1.73666681,   5.00043527],       [ -1.78404612,  10.        ,  -1.71788451,  -4.75706926,         -0.61302601,   0.6701178 ,   0.71460564,   9.38997157,          2.65067982,   4.54535003],       [ -0.78038197,  10.        ,   5.80311974,  -1.41631281,         -4.99682448,   8.08115754,   0.03923788,   5.92042806,          8.38098636,   4.97839681],       [ -1.15276181,  10.        ,  -1.23501124,  -1.69046381,         -6.98535157,   9.02048325,  -0.02073166,  -7.74094235,         -7.14558546,   4.73703887],       [  0.05424989,   8.24540713,  -1.71648002,   0.44727779,         -1.23587427,   6.58356534,  -0.02438591,  10.        ,          2.95619084,   4.6343731 ],       [  7.16627673,   5.10164377,   3.96114497,   7.2895886 ,         -3.54638006,   2.28258918,  -0.98252127,  -2.35794496,         -1.783773  ,  -1.97040833],       [  4.88100233,   6.57108549,   5.32963086,  -1.23756276,          5.19262476,   3.44885706,  -9.51041434,  -0.75949151,          4.49559272,  10.        ],       [ 10.        ,   4.54903781,   3.44630787,  -1.05045938,          4.64820859,   7.90222765,  -4.74647827,   1.07785976,          6.28977459,  10.        ],       [ 10.        ,   5.96355119,   4.66524688,  -1.49885374,          4.69746656,   5.33906349,  -0.44111633,   0.42318849,          7.36906627,  10.        ],       [  3.07369627,   6.5988198 ,  -5.54759874,  -0.82452695,          5.50738346,   8.94371905,  -1.49336799,  -0.48184227,          3.68583803,  10.        ]])
all_costs=array([ 564.73734523,  463.18552606,  224.45964482, 1163.41656951,        408.75682652,  190.07980198,  232.06600227,  521.73245551,        661.08822922, 1258.34800336,  423.39578343,  190.07933283,        187.90850785,  183.66320016,  190.07980198, 1350.42329956,        198.65382913,  203.30010292,  208.63032206,  193.74110119,        237.16751276,  999.03064992,  273.8224169 ,  404.39325438,        193.71513635,  263.5767513 ,  215.39424687,  390.26356353,        393.02700859,  184.76475306,  216.78775538,  413.08846548,        248.73335237,  267.86939661,  420.49129116,  712.28016839,        446.83642036,  485.70751646,  504.04727864,  372.07956607,        604.49287459,  509.36278526,  291.90945323,  515.92077678,        335.22881027,  372.98838684,  496.79120559,  368.08265998,        264.07678112,  239.7101138 ,  596.16990418,  143.43641201,        205.18144479,  143.33552528,  101.57041588,  139.49607356,        227.71426668,  414.00040854,  464.77333859,  175.30821814,        395.40781003,  273.163388  ,  278.99912539,  278.41421128,        220.54965879, 1547.86309743,  426.41012335,  335.40173503,        422.48114433,  104.95129195,  127.51913484,  297.26605249,        455.73249769,  632.81671476,  172.06523312,  413.72085947,        111.88695256,  253.25497583,  695.71814646,  257.93003387,        187.5994383 ,  139.56698208,  334.23069562, 1156.86651093,        132.32481708,  226.01330289, 1030.2599186 ,  565.23642419,        369.21928401,  242.72655838])
all_uncers=array([0., 0., 0., 0., 0., 0., 0., 0., 0., 0., 0., 0., 0., 0., 0., 0., 0.,       0., 0., 0., 0., 0., 0., 0., 0., 0., 0., 0., 0., 0., 0., 0., 0., 0.,       0., 0., 0., 0., 0., 0., 0., 0., 0., 0., 0., 0., 0., 0., 0., 0., 0.,       0., 0., 0., 0., 0., 0., 0., 0., 0., 0., 0., 0., 0., 0., 0., 0., 0.,       0., 0., 0., 0., 0., 0., 0., 0., 0., 0., 0., 0., 0., 0., 0., 0., 0.,       0., 0., 0., 0., 0.])
best_cost=101.57041587729103
best_params=array([-1.58735289,  4.24182378, -1.71641214, -7.4344622 ,  0.71792812,        3.33588538,  0.29794629, 10.        ,  2.95642162, -0.09189969])
best_index=54
worst_cost=1547.863097427769
worst_index=65
cost_range=1446.292681550478
fit_count=17
costs_count=90
params_count=68
update_hyperparameters=True
length_scale=array([3.54011106e+00, 1.31566486e+01, 1.29164512e+04, 1.12552024e+01,       8.23778256e+04, 6.21846800e-01, 1.35715843e+00, 1.00000000e+05,       1.00000000e+05, 1.73660461e+01])
noise_level=9.999999999999997e-06
