archive_type='gaussian_process_learner'
num_params=10
min_boundary=array([-10., -10., -10., -10., -10., -10., -10., -10., -10., -10.])
max_boundary=array([10., 10., 10., 10., 10., 10., 10., 10., 10., 10.])
start_datetime='2020-01-28_17-25'
cost_has_noise=True
length_scale_history=[array([11.44274019,  9.80194524, 14.92821428,  7.0238488 ,  7.83075078,       34.34834017,  5.46429267,  5.81940191, 15.67737216, 17.8763761 ])]
noise_level_history=[9.999999999999997e-06]
bad_run_indexs=[[]]
bias_func_cycle=4
bias_func_cost_factor=[1.0, 1.0, 1.0, 1.0]
bias_func_uncer_factor=[0.0, 1.0, 2.0, 3.0]
generation_num=4
search_precision=1e-06
parameter_searches=10
hyperparameter_searches=10
bad_uncer_frac=0.1
trust_region=array([0.2, 0.2, 0.2, 0.2, 0.2, 0.2, 0.2, 0.2, 0.2, 0.2])
has_trust_region=True
predict_global_minima_at_end=True
all_params=array([[ 3.70439001, -5.91095501,  7.56234873, -9.45224814,  3.4093502 ,        -1.65390395,  1.17379657, -7.19226123, -6.03797022,  6.01489137],       [ 3.89169464, -5.98558533,  7.63927777, -9.30169248,  3.56719287,        -1.81988627,  0.98941848, -7.32432906, -5.88671322,  5.85423011],       [ 3.67283306, -5.72779919,  7.57561484, -9.37549729,  3.33555646,        -1.57930358,  1.30764684, -7.38494592, -5.93791249,  6.21043581],       [ 3.80365627, -5.99877741,  7.67806046, -9.61095773,  3.38850761,        -1.49046575,  1.09124223, -7.27715109, -6.18595879,  5.82263816],       [ 3.77592422, -6.02630376,  7.46856739, -9.45561887,  3.23069522,        -1.62425691,  1.032488  , -7.15653901, -5.95806687,  5.85582515],       [ 3.6700124 , -5.83319494,  7.52802044, -9.63226675,  3.42370877,        -1.58838609,  1.17975221, -7.01442333, -6.0033482 ,  6.17625214],       [ 3.55937989, -6.05524447,  7.68530524, -9.4931774 ,  3.27549188,        -1.48290052,  1.11290291, -7.09193639, -5.94757102,  6.16821381],       [ 3.75385889, -5.81057803,  7.50190806, -9.54427698,  3.56770469,        -1.68266748,  1.35973259, -7.12688463, -5.98929193,  5.86078976],       [ 3.93365459, -5.83061318,  7.53326391, -9.58102226,  3.46251548,        -1.52131567,  1.38920438, -7.3257365 , -5.94243396,  5.79144772],       [ 3.76468213, -5.65620119,  7.44481597, -9.38086292,  3.61704874,        -1.87633898,  1.53150748, -7.05052586, -5.79036279,  5.72972597],       [ 3.61953643, -5.48316301,  7.52354323, -9.55446285,  3.71923396,        -1.7747885 ,  1.7007173 , -6.96591596, -5.94065441,  5.53767802],       [ 3.43002083, -5.67184041,  7.42202766, -9.41045167,  3.73476638,        -1.75365971,  1.83752965, -7.11624663, -6.02898093,  5.57198173],       [ 3.61785913, -5.64742832,  7.22948658, -9.2901986 ,  3.62795609,        -1.63081763,  1.79267391, -6.97082989, -5.93013228,  5.59447782],       [ 3.47244122, -5.82346125,  7.07802396, -9.47237785,  3.47095375,        -1.7405339 ,  1.8778695 , -6.9469431 , -6.12510988,  5.42326753],       [ 3.65935175, -5.79622106,  6.95934125, -9.57144755,  3.56848409,        -1.86236211,  1.91041307, -6.7589351 , -5.98637836,  5.31920664],       [ 3.65685963, -5.74823878,  7.09093361, -9.70873099,  3.37591457,        -2.03435325,  1.90495112, -6.71640332, -5.95883779,  5.2461516 ],       [ 3.85479821, -5.76432298,  6.91139772, -9.55106826,  3.66661786,        -1.79466895,  1.8163809 , -6.93240117, -6.03834468,  5.37109364],       [ 3.54342135, -5.69511884,  6.78595584, -9.66732151,  3.69038591,        -1.98498839,  1.96619743, -6.74906698, -5.81645518,  5.22452535],       [ 3.36980579, -5.60109246,  6.89482706, -9.50419517,  3.86317474,        -2.17940776,  1.85994226, -6.70235564, -5.63684865,  5.40459579],       [ 3.39246706, -5.43484992,  6.95145354, -9.54819209,  3.85757101,        -2.13768357,  1.87976143, -6.53188307, -5.46935527,  5.36254604],       [ 3.57777207, -5.56526765,  6.80198535, -9.69416042,  3.85983587,        -2.32907365,  2.05894951, -6.40103688, -5.66334768,  5.23302454],       [ 3.5105975 , -5.71286891,  6.92578162, -9.75626576,  4.03587887,        -2.29626798,  2.21048231, -6.2631431 , -5.50119075,  5.21697665],       [ 3.52913623, -5.59342748,  6.84006917, -9.76016435,  4.07552299,        -2.49005467,  2.24787487, -6.28967256, -5.37824654,  5.14307457],       [ 3.68629171, -5.56228459,  6.71367325, -9.64499266,  4.12033546,        -2.66849096,  2.21595234, -6.21804502, -5.21080583,  4.94323538],       [ 3.87699537, -5.61165246,  6.90318666, -9.60310622,  4.25187378,        -2.63860636,  2.26718282, -6.30381451, -5.17607249,  5.04324408],       [ 3.82961725, -5.46025171,  6.79289615, -9.49920089,  4.04940786,        -2.60017544,  2.19630192, -6.26520392, -5.24648129,  4.90382721],       [ 3.61324529, -5.51351684,  6.68577215, -9.45547183,  4.19145582,        -2.789063  ,  2.18663275, -6.28070653, -5.09175031,  5.09523469],       [ 3.77478208, -5.44842892,  6.59385546, -9.55452515,  4.33341499,        -2.77797714,  2.30749718, -6.25171112, -4.9984933 ,  5.10283934],       [ 3.88313564, -5.42088572,  6.58013941, -9.61744958,  4.16069873,        -2.82680747,  2.13934761, -6.05858428, -5.12584816,  5.22758282],       [ 3.92476673, -5.37306362,  6.62165322, -9.69013657,  4.320167  ,        -2.83990832,  2.19751316, -6.21470637, -5.07358536,  5.26936157],       [ 3.93863629, -5.5455816 ,  6.43821198, -9.67734005,  4.33324866,        -2.68654288,  2.19077495, -6.3524977 , -4.85782455,  5.06917883],       [ 3.8214561 , -5.55496246,  6.43464236, -9.54818234,  4.32427139,        -2.91690849,  2.35621967, -6.23410707, -4.93683836,  4.96065756],       [ 3.92206723, -5.66614281,  6.44238309, -9.43406393,  4.13320356,        -2.9871635 ,  2.50538862, -6.09622323, -4.92146212,  5.10730087],       [ 4.10198963, -5.53558001,  6.58402927, -9.59456657,  4.19372529,        -2.90575671,  2.54948495, -5.97637713, -5.10763364,  5.21539636],       [ 4.01475867, -5.76226345,  6.34521081, -9.3811426 ,  4.07132254,        -2.86852803,  2.48384712, -5.98312346, -4.72527341,  5.02740021],       [ 3.871961  , -5.60174007,  6.36183456, -9.19124645,  4.1259643 ,        -2.67096282,  2.50227544, -5.97255309, -4.87110225,  4.96968227],       [ 3.68244843, -5.737582  ,  6.46008944, -9.37908658,  4.07258154,        -2.52602432,  2.57934652, -5.89617623, -4.99564753,  4.94644399],       [ 3.90459196, -5.40583939,  6.24339705, -9.29215329,  4.03083354,        -2.57089386,  2.48506557, -6.14978132, -4.86769575,  4.85446634],       [ 3.9914027 , -5.68280752,  6.17287697, -9.15387347,  4.26350048,        -2.71855637,  2.60221876, -5.9680965 , -4.85472153,  5.153456  ],       [ 4.11298705, -5.86987829,  6.25663187, -9.16787288,  4.44252005,        -2.82998328,  2.50904757, -6.13550691, -4.883274  ,  4.99706351],       [ 4.0449174 , -5.56162223,  6.25159717, -9.04738892,  4.20048212,        -2.58021578,  2.57372627, -5.83849255, -4.80412306,  5.01082522],       [ 3.87627216, -5.75428917,  6.07828717, -9.0639554 ,  4.04581889,        -2.76910244,  2.67567086, -5.88055236, -4.70534766,  4.99178715],       [ 3.85630686, -5.76306017,  6.06788874, -8.94269006,  4.0067759 ,        -2.60722798,  2.49049528, -5.77100262, -4.85509111,  5.03919258],       [ 3.68041787, -5.73883826,  5.87949435, -8.88347788,  4.20797971,        -2.65071566,  2.84178059, -6.02232907, -4.84225564,  4.86683982],       [ 3.72941623, -5.57651446,  6.07547642, -8.7990289 ,  4.30069987,        -2.48699838,  2.80213008, -6.1223888 , -4.97288357,  4.71462264],       [ 3.8054621 , -5.88012131,  5.78521334, -8.75584221,  4.13221461,        -2.45774868,  2.74843607, -6.00886773, -4.91646883,  5.03114895],       [ 3.62704052, -5.76540133,  5.88441143, -8.70792329,  4.02035931,        -2.5639642 ,  2.99818817, -6.21141418, -4.83343514,  4.79723575],       [ 3.77083625, -5.7419947 ,  5.96050257, -8.72678189,  4.07168292,        -2.64792546,  2.8019276 , -6.1807118 , -4.90885745,  4.80414279],       [ 3.79360287, -5.79481141,  5.78336984, -8.75940579,  4.19310376,        -2.38921684,  3.13592015, -6.04333157, -4.94227502,  4.63222863],       [ 3.68452676, -5.86906076,  5.65327619, -8.71656812,  4.15853832,        -2.26267624,  3.00997231, -5.96258096, -5.04613277,  4.66191627],       [ 3.6241218 , -6.046275  ,  5.54480166, -8.6509271 ,  4.15743836,        -2.25506985,  2.87986037, -5.93429462, -4.8474314 ,  4.78865031],       [ 3.66187085, -5.85587938,  5.70542669, -8.61268393,  3.97040889,        -2.41763901,  2.70600906, -5.95360136, -4.89725747,  4.97879032],       [ 3.49131512, -5.85715997,  5.65179161, -8.52123196,  4.21048469,        -2.18757674,  2.87061331, -6.12904008, -4.90622897,  4.78547903],       [ 3.71615828, -6.05882367,  5.52776363, -8.795862  ,  3.96179385,        -2.15175854,  2.80784151, -5.74054124, -4.95933771,  4.72413352],       [ 3.63368025, -5.94431842,  5.53034477, -8.80099808,  4.08243891,        -2.25326218,  2.94939998, -5.82623464, -4.99529709,  4.59781636],       [ 3.63175473, -5.92227952,  5.34984317, -8.58193916,  4.23216165,        -2.27537114,  3.04577585, -5.87655019, -5.04533547,  4.78242169],       [ 3.77548185, -5.79011969,  5.40950484, -8.51245979,  4.26356148,        -2.36572323,  3.06998784, -5.80785827, -5.10436361,  4.92475303],       [ 3.50976972, -5.8233512 ,  5.26568426, -8.47241945,  4.20325658,        -2.15229178,  2.98718979, -5.99107289, -4.93842166,  4.70587847],       [ 3.60306775, -5.72556193,  5.15424294, -8.58677459,  4.08283575,        -2.29528445,  2.93802283, -6.18042174, -5.09405352,  4.77570408],       [ 3.62968034, -5.99113938,  5.15836519, -8.58936918,  4.37019001,        -2.06776597,  3.00874364, -6.0692657 , -4.80448004,  4.68000085],       [ 3.67915221, -5.74093047,  5.25689679, -8.62193541,  4.393674  ,        -2.28835832,  2.86823064, -6.01860019, -4.9767409 ,  4.56457906],       [ 3.60149729, -5.94785317,  5.32324252, -8.37069707,  4.08754954,        -2.11191008,  3.08676114, -5.93578541, -4.89957074,  4.62407138],       [ 3.69413988, -5.76972979,  5.29346708, -8.25782434,  3.91000595,        -1.97780144,  2.96366115, -5.97774666, -4.97953832,  4.45611284],       [ 3.76334969, -5.9997915 ,  5.3355215 , -8.37305056,  3.94041399,        -2.22932846,  2.91723667, -5.93261673, -4.99495092,  4.56689602],       [ 3.44472342, -5.83283243,  5.16587607, -8.17641354,  3.958414  ,        -2.08294804,  2.90469928, -5.82093889, -5.02372836,  4.63523297],       [ 3.54075444, -5.97285984,  5.18631094, -8.28976665,  4.06209242,        -1.99378196,  2.77531889, -5.67615227, -5.21581832,  4.77932777],       [ 3.46828495, -5.87154424,  5.26937485, -8.08964194,  4.15334447,        -2.17171402,  2.70621675, -5.64737785, -4.88056952,  4.72677332],       [ 3.47496046, -5.78876175,  5.38158667, -8.13969156,  4.26147348,        -2.07146429,  2.75150123, -5.68663148, -4.80164631,  4.52801847],       [ 3.5782436 , -5.7129776 ,  5.16510113, -8.24133506,  4.04145807,        -2.25087532,  2.85942815, -5.63011128, -4.96588486,  4.5821152 ],       [ 3.38434273, -5.82599581,  5.19903026, -8.10669786,  4.13099132,        -2.04045987,  2.67675601, -5.70909832, -4.81058088,  4.61536615],       [ 3.37124106, -5.90008953,  5.2497725 , -7.95575367,  4.11006692,        -1.92667691,  2.65954229, -5.64660659, -4.95784449,  4.58855875],       [ 3.53496586, -5.85789793,  5.35648233, -7.95387343,  4.10928917,        -1.78951697,  2.48666506, -5.61729768, -4.78073946,  4.59570277],       [ 3.24902738, -5.76091378,  5.15042816, -7.87546326,  4.12617129,        -1.74714239,  2.70927697, -5.5114154 , -5.15467134,  4.78429477],       [ 3.08011321, -5.83206197,  5.32888911, -8.07188762,  4.25526329,        -1.60265773,  2.68520929, -5.60911732, -5.03359553,  4.77543957],       [ 3.10276283, -5.58977418,  5.30881614, -7.8788452 ,  4.26885229,        -1.77971118,  2.78266293, -5.55221915, -5.15237453,  4.66011545],       [ 3.2887584 , -5.6720879 ,  5.15019996, -8.02111904,  4.07448921,        -1.6933329 ,  2.80846226, -5.4343878 , -5.14954256,  4.77684387],       [ 3.18106851, -5.47863479,  5.27140929, -7.81973695,  4.14077001,        -1.85098319,  2.65170478, -5.58876426, -5.25580703,  4.62288425],       [ 3.29285177, -5.66164645,  5.50181252, -7.82432275,  4.2188887 ,        -1.63671738,  2.83049762, -5.65140591, -5.03523226,  4.63329086],       [ 3.0457673 , -5.6576634 ,  5.38776369, -7.97138515,  4.3921635 ,        -1.86159566,  2.80031148, -5.55705055, -5.01023197,  4.81547003],       [ 2.97651661, -5.5556348 ,  5.46809816, -7.90039831,  4.43759961,        -1.86811482,  2.8261954 , -5.47923766, -5.26109224,  4.46562246],       [ 2.94320619, -5.38024204,  5.4053094 , -7.78850059,  4.30749414,        -1.93133369,  2.68403449, -5.39252934, -5.18136919,  4.54102138],       [ 2.8445646 , -5.30329799,  5.29622842, -7.81864095,  4.25626299,        -1.98921052,  2.50709641, -5.33987069, -5.09844255,  4.58645686],       [ 3.00253129, -5.51226575,  5.26508812, -7.78283058,  4.45762723,        -2.05775231,  2.66917013, -5.4209564 , -5.18245351,  4.40562569],       [ 2.93950755, -5.60751359,  5.4028989 , -7.66269768,  4.42828289,        -2.01494613,  2.52735638, -5.41711108, -5.26367468,  4.54948607],       [ 3.07117064, -5.45887615,  5.11498864, -7.79459542,  4.65225634,        -1.87843264,  2.72720439, -5.56026645, -5.12680278,  4.43189054],       [ 3.05863698, -5.48766116,  5.15469655, -7.65460747,  4.75270476,        -1.84668843,  2.89708606, -5.73437046, -4.93026417,  4.25308835],       [ 2.9384352 , -5.5185601 ,  4.9977001 , -7.6051393 ,  4.57190178,        -1.93283887,  2.72150073, -5.65296273, -4.8628817 ,  4.20452059],       [ 2.8137129 , -5.41975816,  4.93385181, -7.48701884,  4.56706216,        -1.9225711 ,  2.53289707, -5.59526992, -4.9226191 ,  4.0962026 ],       [ 2.78726625, -5.46677118,  4.92176743, -7.2952255 ,  4.51281339,        -1.81280704,  2.55400411, -5.43961748, -4.98063796,  3.99441008],       [ 2.95167395, -5.64935748,  5.1020688 , -7.27266273,  4.46335867,        -1.61478611,  2.37734917, -5.43293494, -5.16819913,  4.02288037],       [ 2.65945366, -5.4143875 ,  5.1141369 , -7.14526448,  4.49354789,        -1.7294227 ,  2.66499161, -5.44168025, -4.96922457,  3.85472383],       [ 2.60721363, -5.557499  ,  5.2048944 , -7.15445928,  4.47309942,        -1.57502351,  2.67603912, -5.47804392, -5.06166776,  3.68352865],       [ 2.62670811, -5.60408611,  5.03059848, -7.14386067,  4.67992111,        -1.88566953,  2.73420803, -5.4417073 , -4.85838528,  3.71216663],       [ 2.45998916, -5.64439867,  5.14938338, -7.26719038,  4.78703199,        -1.96955033,  2.62096463, -5.63502107, -4.89892165,  3.66459923],       [ 2.69044608, -5.77571875,  4.89164007, -7.33723032,  4.52543965,        -1.82495382,  2.69527078, -5.51329678, -4.83522048,  3.90955082],       [ 2.76050272, -5.52423683,  5.19790191, -7.32796919,  4.50805449,        -1.89606701,  2.673875  , -5.26680648, -4.86255929,  3.72802628],       [ 2.78481226, -5.62543209,  5.18141223, -7.24242797,  4.58944499,        -1.95432497,  2.75323374, -5.55365583, -4.78981361,  3.56928395],       [ 2.46434822, -5.45600941,  4.92534596, -7.18945907,  4.70853795,        -1.87534874,  2.56461759, -5.29205693, -4.67793103,  3.83716956],       [ 2.37786895, -5.44487069,  4.86111265, -7.16759214,  4.89829934,        -1.95066757,  2.63213623, -5.36167005, -4.56814012,  3.76749354],       [ 2.53379989, -5.3441876 ,  4.96616548, -7.17980053,  4.78260514,        -2.13407754,  2.56086775, -5.54682498, -4.49059796,  3.83563355],       [ 2.35005767, -5.3377551 ,  4.87551604, -7.35164817,  4.75221658,        -2.07330101,  2.56640175, -5.54074487, -4.52609341,  3.77231795],       [ 2.42485336, -5.47192845,  5.00019283, -7.18596852,  4.70446074,        -1.80144032,  2.69461685, -5.23246883, -4.38742984,  3.5878585 ],       [ 2.3188821 , -5.64659108,  4.96885599, -7.04043686,  4.53711034,        -1.81219553,  2.54483409, -5.12331459, -4.25086098,  3.40517487],       [ 2.3134584 , -5.75082666,  5.1498455 , -6.86287981,  4.58268394,        -1.62280058,  2.48277863, -4.9641743 , -4.27702299,  3.29950073],       [ 2.48978959, -5.67713944,  4.97581014, -6.71470987,  4.66323606,        -1.58082983,  2.57572859, -5.06279868, -4.23682741,  3.4253484 ],       [ 2.31143505, -5.82493517,  5.11278846, -6.66737152,  4.67575118,        -1.68151353,  2.49376002, -4.91372422, -4.26816104,  3.2511205 ],       [ 2.47022908, -5.94358284,  5.24327947, -6.51466327,  4.67045148,        -1.64212766,  2.504667  , -4.8637957 , -4.12614435,  3.16397628],       [ 2.62373128, -5.9165067 ,  5.08932069, -6.62386281,  4.70884443,        -1.74634916,  2.35723327, -4.99905661, -3.98819534,  3.20484974],       [ 2.65565591, -6.00531115,  5.28152951, -6.47506916,  4.71673319,        -1.81845677,  2.60479388, -4.6845119 , -4.11227273,  3.04099869],       [ 2.75682628, -6.20238356,  5.21283195, -6.30802662,  4.75208013,        -1.67638066,  2.6466627 , -4.55548064, -3.96047932,  2.96939324],       [ 2.60600819, -6.11386222,  5.18897079, -6.45733233,  4.78800959,        -1.86195333,  2.52673554, -4.44016016, -4.15564061,  2.89073151],       [ 2.56537666, -6.00338957,  5.24564394, -6.39067611,  4.92365991,        -1.67353289,  2.62853959, -4.52033204, -4.05482426,  2.89150856],       [ 2.51403849, -6.10561037,  5.27946285, -6.31233765,  4.7524388 ,        -1.48509956,  2.72976785, -4.39786677, -3.9541681 ,  2.72353295],       [ 2.50671701, -6.12734118,  5.34845191, -6.33284275,  4.83416416,        -1.41244143,  2.80862726, -4.35042648, -4.0937758 ,  2.82785393],       [ 2.62645682, -5.94396917,  5.17297033, -6.44166609,  4.70887845,        -1.5568737 ,  2.85595862, -4.35245641, -3.8501674 ,  2.69459899],       [ 2.46623305, -6.09795517,  5.12233318, -6.56412699,  4.83717705,        -1.5170193 ,  2.93149673, -4.35601243, -4.01489792,  2.58863004],       [ 2.61109766, -6.06453257,  4.98316082, -6.34990702,  4.79884515,        -1.624717  ,  2.99335627, -4.38107942, -3.70429294,  2.75742516],       [ 2.64351192, -6.18424158,  4.99497947, -6.19213405,  4.72084274,        -1.47633876,  3.15685438, -4.4491416 , -3.63106319,  2.91711354],       [ 2.47379067, -6.03280643,  4.87131521, -6.05222648,  4.78769025,        -1.53860308,  3.01740461, -4.39499321, -3.49194797,  3.04585329],       [ 2.52508651, -5.85028583,  4.90728446, -6.17309337,  4.75942254,        -1.60390468,  3.21418261, -4.44289861, -3.29486762,  3.05337499],       [ 2.34270255, -6.2029768 ,  4.81943749, -6.20285894,  4.84149774,        -1.57303514,  3.21377086, -4.22301096, -3.63225356,  3.00380619],       [ 2.45842256, -6.00842693,  4.98346062, -6.05734892,  4.75568767,        -1.6338032 ,  3.18172706, -4.58608461, -3.36349921,  2.92124065],       [ 2.54809343, -6.09072267,  5.06100026, -6.20311763,  4.66271821,        -1.38282609,  3.05076713, -4.47129466, -3.69164222,  2.93689238],       [ 2.33195213, -6.1514329 ,  5.02984423, -5.90298873,  4.86780603,        -1.55040401,  3.14825901, -4.39666265, -3.5465525 ,  2.95609453],       [ 2.50184845, -6.19663721,  5.02699658, -6.00121349,  5.02179264,        -1.59709863,  3.0672889 , -4.30962467, -3.67020452,  2.80337158],       [ 2.46675124, -6.05377853,  5.06605245, -6.0058321 ,  4.91710489,        -1.49506188,  3.07928679, -4.56966692, -3.39433706,  2.94007722],       [ 2.43750121, -6.24987745,  5.06639911, -5.93147067,  4.82064629,        -1.69971866,  3.04596568, -4.56492602, -3.62540918,  3.05277645],       [ 2.37795842, -6.08246846,  4.83319747, -5.83163794,  4.86907831,        -1.65804063,  3.01821761, -4.52266947, -3.4088485 ,  3.14913044],       [ 2.54345427, -6.14352069,  4.9452873 , -5.81305611,  4.99565526,        -1.66454985,  3.05419813, -4.40776409, -3.56875464,  3.16393329],       [ 2.32435175, -6.04074572,  5.01671847, -5.87450877,  4.8262675 ,        -1.54178583,  3.07624897, -4.56511586, -3.33326648,  3.11073109],       [ 2.23240368, -6.10221115,  4.76696522, -5.94445037,  5.03938823,        -1.58218487,  3.05774597, -4.42400648, -3.39206007,  3.22934367],       [ 2.55018234, -5.93742178,  4.70017421, -5.92638233,  4.69772242,        -1.46657151,  2.91277125, -4.45843013, -3.57299622,  3.03343882],       [ 2.5513121 , -6.09544032,  4.65572357, -5.91118725,  4.63340409,        -1.44421142,  2.92747858, -4.50218593, -3.49448819,  3.1048318 ],       [ 2.6251036 , -5.91282528,  4.64340617, -5.8811374 ,  4.87201692,        -1.4278161 ,  3.10460732, -4.48202748, -3.47715143,  2.84848037],       [ 2.73099426, -5.90551265,  4.44553279, -5.97025736,  4.88594982,        -1.32063095,  2.92584436, -4.4624061 , -3.35675361,  2.90831359],       [ 2.90357306, -6.07562007,  4.35625537, -5.80256236,  4.99195188,        -1.28073481,  3.05903162, -4.3039887 , -3.16766547,  3.1077218 ],       [ 2.7594328 , -6.24740325,  4.18564203, -5.99666484,  5.1806799 ,        -1.44282804,  3.19572635, -4.2299195 , -3.1726426 ,  3.04639975],       [ 2.84503218, -6.17408452,  4.52066256, -5.71230534,  4.80232219,        -1.29612631,  2.97155213, -4.49240223, -3.01379271,  3.21612394],       [ 2.8354671 , -5.95699663,  4.2861107 , -5.87940938,  5.16319551,        -1.08996834,  3.06845374, -4.12321464, -3.01246687,  3.11493482],       [ 2.78456662, -5.8728548 ,  4.26836807, -5.83732422,  5.35935799,        -0.98040184,  3.0021643 , -4.28761535, -3.13850464,  3.12567557],       [ 2.80230806, -5.83673277,  4.45939164, -6.00826348,  5.30722222,        -0.90701037,  3.25224198, -4.3080696 , -3.18943347,  2.91725378],       [ 2.76053956, -6.13471727,  4.2036557 , -5.93700278,  5.34466631,        -1.09918798,  2.97974912, -4.12201256, -2.9551237 ,  2.95943309],       [ 2.93869176, -5.81621833,  4.42381065, -5.72320665,  5.11593247,        -1.11244627,  2.90908633, -4.23289187, -2.82393868,  3.02878441],       [ 3.10165022, -5.65999741,  4.59281244, -5.86074682,  5.26782132,        -1.05964829,  2.7933376 , -4.2948455 , -2.95997117,  3.00652367],       [ 2.77220174, -5.95009093,  4.30268918, -5.64679571,  5.14545361,        -0.96311701,  2.80693996, -4.18104868, -3.01016618,  3.03526379],       [ 2.91749233, -5.75644031,  4.10663837, -5.74565912,  5.03499348,        -1.14410197,  2.61100894, -4.18497056, -3.19197332,  2.94659505],       [ 2.97348216, -5.8385635 ,  4.01450026, -5.70944051,  4.98720711,        -1.06309276,  2.60945852, -4.13168685, -3.25061558,  2.86141263],       [ 2.82676501, -5.66373134,  4.13643459, -5.53422909,  4.86135932,        -0.88983046,  2.7837598 , -4.21826905, -3.34076188,  2.88198525],       [ 2.7008807 , -5.6868909 ,  4.01056165, -5.35527872,  4.85888919,        -0.70426335,  2.84173647, -4.22454274, -3.15368378,  2.73926117],       [ 2.75381265, -5.62213555,  3.98409758, -5.53153583,  4.85597823,        -0.71820977,  2.9644352 , -4.32187834, -3.19711164,  2.63533005],       [ 3.40664161, -6.32440182,  6.32814944, -8.12966504,  4.08285615,        -1.41553515,  1.54170977, -5.4680465 , -3.82652274,  4.72449942],       [ 2.64735226, -5.61728076,  7.63927777, -9.11726066,  3.56719287,        -2.33360339,  1.92510302, -6.99900752, -5.88671322,  4.61252063],       [ 3.67283306, -5.98168023,  5.80607953, -5.52336226,  5.34655939,        -1.38449389,  2.20032442, -7.38494592, -3.34993932,  6.21043581],       [ 3.1650361 , -5.73636124,  4.61078771, -9.61095773,  3.38850761,        -1.64223202,  3.20107785, -7.27715109, -3.4992121 ,  3.35789932],       [ 2.02321876, -6.02630376,  0.76288361, -3.58800469,  3.23069522,        -2.06776129,  5.51615346, -1.84522902, -5.95806687,  0.84612765],       [ 2.99884282, -5.77569844,  7.52802044, -9.63226675,  3.50614319,        -2.94751562,  2.28729944, -7.07863177, -6.02496395,  4.63191424],       [ 3.26163731, -5.56417452,  6.7436667 , -5.49944562,  4.1619778 ,        -1.48290052,  3.08339826, -7.09193639, -6.25337822,  4.84346799],       [ 2.39009154, -5.73944367,  4.58078178, -6.93462221,  4.13481911,        -0.75921788,  1.35973259, -7.12688463, -5.71421467,  4.1237116 ],       [ 4.78179974, -5.51233015,  7.70037282, -5.41194958,  3.12112468,        -2.85185287,  1.62837981, -7.3257365 , -5.75920019,  6.2859615 ],       [ 3.58011032, -5.65620119,  4.9273508 , -9.38086292,  4.10323301,        -1.87633898,  3.3853686 , -7.05052586, -4.11483347,  4.44120643],       [ 3.58490022, -5.48316301,  5.88374442, -9.55446285,  3.71923396,        -2.62380217,  1.77944419, -6.09022072, -5.73962008,  5.53767802],       [ 3.07382756, -5.67184041,  4.82497413, -8.0959691 ,  4.1467157 ,        -1.75550306,  3.02262104, -7.11624663, -5.85012655,  5.03805958],       [ 2.84515694, -5.64742832,  2.54909694, -5.13485943,  5.59527638,        -1.71610895,  4.08626744, -4.2391574 , -2.45778   ,  2.57995954],       [ 3.47244122, -6.95787892,  3.91709105, -9.47237785,  3.47095375,        -1.26894432,  1.8778695 , -4.54389008, -4.00423126,  5.42326753],       [ 2.07391382, -5.79622106,  5.7491757 , -6.59928656,  3.56848409,        -1.29647401,  1.67008166, -6.7589351 , -4.40575957,  5.31920664],       [ 1.65142363, -5.74823878,  7.09093361, -6.93288552,  5.09093342,        -1.87921841,  1.73209391, -6.71640332, -5.14540724,  3.26070116],       [ 1.60892883, -5.41345844,  4.09962214, -9.55106826,  3.66661786,        -0.41820976,  2.40801923, -6.93240117, -3.07523056,  5.37109364],       [ 3.54342135, -5.7640879 ,  4.1925428 , -7.72605551,  3.69038591,        -1.81474551,  1.96619743, -6.74906698, -5.42024263,  5.4597633 ],       [ 2.99502855, -5.52202992,  6.89482706, -7.35724144,  3.3761121 ,        -1.75740799,  1.85994226, -6.8187085 , -5.63684865,  5.26725743],       [ 6.46615413, -5.66646266,  6.95145354, -9.54819209,  1.61679384,        -4.80258506,  1.87976143, -9.15424367, -7.66783023,  8.65529146],       [ 2.77285088, -6.64511754,  4.8984353 , -9.69416042,  3.85983587,        -1.66551603,  3.18659113, -4.9107737 , -3.47304212,  3.51610551],       [ 2.63254033, -5.71286891,  6.92578162, -7.13062049,  5.3334629 ,        -2.84555161,  3.50897467, -3.04799713, -2.64273569,  2.78887494],       [ 1.8219924 , -5.59342748,  6.84006917, -6.04632639,  5.34881732,        -1.63174692,  2.24787487, -6.28967256, -4.49024825,  5.14307457],       [ 3.86998161, -6.20372402,  6.71367325, -9.64499266,  4.84705033,        -3.0137075 ,  3.3098995 , -3.86649301, -5.21080583,  2.69395132],       [ 2.27246888, -6.71498158,  5.60691854, -9.60310622,  4.25187378,        -0.73144142,  2.46094267, -3.3199334 , -1.41938861,  5.04324408],       [ 4.62387757, -5.46025171,  7.21576919, -5.48619829,  3.13599551,        -3.16806544,  2.09487449, -6.26520392, -7.7028127 ,  6.6000356 ],       [ 3.61324529, -6.25125229,  6.1085317 , -9.45547183,  4.20907736,        -1.89365873,  3.08924041, -6.22391185, -5.09175031,  3.39983834],       [ 3.29538112, -5.98095441,  5.03924332, -9.76725719,  3.17405663,        -1.44145651,  3.35773018, -7.14940326, -3.67137342,  4.03138236],       [ 6.32119318, -5.42088572,  4.12303981, -9.90643467,  2.36286348,        -5.07480868,  1.10593643, -8.38754018, -5.12584816,  8.64678347],       [ 3.92476673, -5.37306362,  3.53284275, -5.45328531,  4.320167  ,        -2.83990832,  3.83471662, -5.49838738, -1.7686089 ,  5.26936157],       [ 1.89373784, -6.06904406,  5.36342181, -4.78326308,  5.61173723,        -1.27395972,  2.8759234 , -3.26303309, -2.43531775,  1.5760882 ],       [ 3.8214561 , -5.55496246,  5.40994528, -8.25333321,  4.32427139,        -1.45550134,  0.90255995, -8.3447256 , -7.53294511,  4.96065756],       [ 1.65284905, -5.89295417,  3.08160623, -9.85567218,  4.13320356,        -1.39001203,  2.50538862, -3.91694607, -3.63126702,  5.10730087],       [ 4.12100201, -4.82326823,  3.16266076, -9.59456657,  4.26393116,        -1.50992032,  3.68124792, -5.97637713, -5.11608089,  4.72877556],       [ 3.84737798, -5.76226345,  6.34521081, -9.42297274,  4.07132254,        -2.86852803,  3.27137928, -7.35816923, -4.72527341,  5.52875418],       [ 2.70959419, -5.60174007,  4.3870973 , -6.55455326,  4.36396052,        -1.27441708,  3.43914858, -4.95059313, -4.87110225,  4.96968227],       [ 3.84668824, -5.737582  ,  6.46008944, -9.94939146,  4.07258154,        -2.52602432,  2.57934652, -6.94768573, -6.76750753,  4.94644399],       [ 2.09106044, -5.40583939,  4.50862191, -5.17667595,  4.75984186,        -1.41823971,  2.48506557, -4.03316914, -3.4742329 ,  3.47354413],       [ 3.9914027 , -5.55662582,  3.05469327, -5.22185746,  4.26350048,        -2.71855637,  2.79712813, -3.78329666, -2.78682356,  5.153456  ],       [ 4.60709059, -5.69572253,  4.44955976, -8.14619972,  3.94768822,        -4.30016026,  2.50904757, -6.13550691, -4.883274  ,  7.10399391],       [ 2.16003933, -5.56162223,  8.51847308, -6.97470979,  5.77454381,        -2.96565696,  2.57372627, -5.06229944, -4.80412306,  4.59438557],       [ 3.98205808, -4.58356205,  7.21181052, -4.5650929 ,  4.43212244,        -3.2958403 ,  0.71564246, -6.3215948 , -7.6937276 ,  6.5381233 ],       [ 1.73246493, -6.54922154,  4.08898159, -4.70082225,  4.0067759 ,        -1.3152883 ,  3.5988034 , -2.80974575, -4.85509111,  5.03919258],       [ 4.28084398, -6.49451065,  6.3046293 , -8.88347788,  4.01665941,        -2.29056505,  3.20349042, -6.61551568, -4.84225564,  3.56511327],       [ 3.72941623, -5.10240635,  4.94177686, -2.72426402,  5.98835497,        -1.20162083,  3.94698757, -4.54363743, -2.68722473,  0.6874436 ],       [ 3.8054621 , -6.21983698,  1.72259272, -3.39885749,  4.94916031,        -1.3687564 ,  3.46430634, -6.00886773, -4.91646883,  5.03114895],       [ 3.97959128, -5.19383109,  6.01910884, -8.70792329,  4.7461193 ,        -2.33780444,  3.82356422, -6.83587606, -7.29787377,  4.62876158],       [ 4.16753141, -6.03476671,  5.96050257, -5.13457564,  3.17542307,        -3.00901553,  2.65287114, -7.20791185, -4.90885745,  6.50371693],       [ 3.79360287, -5.30723322,  5.38440171, -3.97606011,  3.75499321,        -0.71651606,  3.261079  , -6.04333157, -7.19547461,  1.83491986],       [ 3.68452676, -5.86906076,  5.65327619, -8.71656812,  3.38649202,        -0.93999839,  2.55136363, -3.93662036, -5.04613277,  5.87287284],       [ 2.09388748, -5.5429397 ,  3.81424382, -6.41972179,  4.15743836,        -2.25506985,  2.87986037, -6.63970396, -6.21705768,  3.90238785],       [ 3.66187085, -5.85587938,  3.73688913, -7.82884086,  7.05048325,         0.2561283 ,  3.21121695, -2.44114325,  0.95853334,  0.18106921],       [ 3.41775272, -4.81115239,  3.66402849, -8.26933374,  5.7303948 ,        -0.90436625,  4.98005645, -3.98882034, -3.12456144,  4.78547903],       [ 5.73480281, -6.05882367,  4.08977027, -9.19976232,  3.96179385,        -2.15175854,  3.30544423, -5.74054124, -7.97860324,  5.07130772],       [ 1.26127344, -5.94431842,  2.0801897 , -5.85441995,  5.07082772,        -0.71453599,  2.60256249, -2.25251834, -1.48044299,  4.02424464],       [ 1.46276343, -5.60386725,  4.9111402 , -5.3348499 ,  4.936225  ,         0.79525937,  3.04577585, -3.96687828, -5.04533547,  1.13131877],       [ 3.77548185, -5.31277049,  3.69475331, -8.51245979,  5.18193751,        -1.85976543,  3.68353566, -4.3947577 , -4.78035695,  2.73959398],       [ 1.94041204, -5.8233512 ,  5.26568426, -5.58558024,  4.89066518,        -2.15229178,  2.98718979, -5.99107289, -3.10440773,  1.91981594],       [ 1.82998971, -5.72556193,  2.34122232, -8.58677459,  6.45262211,        -1.68468596,  3.86334922, -3.94263951, -2.00941931,  4.77570408],       [ 3.68813993, -5.05147945,  5.15836519, -8.58936918,  4.37019001,        -2.06776597,  2.2677014 , -7.23654002, -5.43358017,  3.2148607 ],       [ 4.83653386, -5.74093047,  5.25689679, -7.06837428,  2.82843556,        -2.28835832,  2.86823064, -7.19360374, -4.9767409 ,  6.06955988],       [ 1.5854049 , -6.4110619 ,  5.32324252, -8.37069707,  4.08754954,        -0.85796891,  3.87811404, -5.12510093, -4.89957074,  0.41115433],       [ 3.69413988, -6.393883  ,  0.98613537, -5.47662952,  3.75949312,        -1.58844732,  2.96366115, -4.90851453, -4.62046466,  5.79917254],       [ 2.74099961, -5.23242051,  5.3355215 , -5.25922687,  5.17497556,        -0.30803416,  3.84307761, -3.23867277, -2.36272425,  1.90503405],       [ 3.14240097, -5.80083757,  5.52992533, -6.78929366,  4.57141961,        -1.18027146,  2.53294025, -4.79028087, -5.02372836,  3.77793246],       [ 0.66556631, -5.97285984,  3.94538775, -1.38701259,  4.94062612,        -2.35721964,  3.40498566, -5.67615227, -3.05243459,  2.81934576],       [ 2.87033201, -5.43132334,  3.88594496, -8.08964194,  4.77832202,        -0.98544968,  3.28520474, -3.96008346, -2.98042836,  4.72677332],       [ 3.83345911, -5.6479094 ,  4.04036563, -8.42286093,  6.5348225 ,        -2.07146429,  2.90020965, -5.68663148, -0.05640804,  4.52801847],       [ 1.80645722, -5.7129776 ,  9.17454936, -8.24133506,  3.53060461,        -2.5677621 ,  2.85942815, -7.23158475, -4.96588486,  3.68455641],       [ 3.38434273, -5.82599581,  0.17004995, -5.57980717,  3.10725057,        -1.31805995,  5.59836056, -3.8532962 , -3.71090556,  0.37253766],       [ 2.90770621, -6.58713491,  5.2497725 , -7.95575367,  4.11006692,        -1.41128311,  2.53013251, -5.18444959, -3.96818305,  3.24362726],       [ 3.53331429, -7.57772456,  4.12654102, -7.95387343,  4.10928917,        -1.78951697,  2.48666506, -5.61729768, -6.15986321,  8.84182404],       [ 0.67398641, -6.01294182,  5.15042816, -7.87546326,  4.9109799 ,        -1.74714239,  2.25459911, -5.5114154 , -1.67173992,  4.78429477],       [ 3.08011321, -5.83206197,  4.01884673, -9.08924715,  3.7618555 ,        -2.02298411,  2.03723591, -5.60911732, -1.75299039,  4.77543957],       [ 1.87810431, -6.07304908,  2.86971786, -6.27597246,  5.02308686,        -1.14397964,  3.79636139, -5.55221915, -2.58011476,  4.66011545],       [ 4.76030902, -5.6720879 ,  7.25752195, -5.94026653,  4.07448921,        -5.85522659,  2.80846226, -8.18278835, -5.79561424,  7.95340195],       [ 2.8045262 , -6.26760666,  3.40236597,  0.13425481,  6.0397882 ,        -0.83731922,  2.51440307, -5.58876426, -2.30069514,  1.287426  ],       [ 1.24048908, -5.58291098,  3.4129874 , -7.82432275,  4.75516092,        -0.84275914,  2.83049762, -5.93874702, -5.03523226,  1.553659  ],       [ 3.73620597, -5.88022469,  5.38776369, -7.97138515,  4.3921635 ,        -1.86159566,  2.80031148, -4.26944665, -4.78511578,  4.81547003],       [-0.21266638, -5.5556348 ,  2.08016262, -3.39956018,  4.43759961,        -0.44345949,  3.32505952, -2.14342369, -5.26109224, -1.48576424],       [ 3.37045018, -6.0555853 ,  1.01228345, -4.05405663,  4.56117777,        -0.8315146 ,  2.88560254, -8.03798615, -6.46500914,  5.28398281],       [ 3.95906817, -6.23184244,  5.29622842, -7.81864095,  4.56414189,        -0.70264688,  2.50709641, -5.33987069, -5.09844255,  5.0818546 ],       [ 4.18137819, -6.51343202,  2.35407971, -9.9789041 ,  4.45762723,        -2.68531149,  4.5331176 , -6.58064725, -6.05007726,  4.40562569],       [ 0.8092852 , -6.06144164,  9.03970792, -5.31941558,  4.42828289,        -0.3026167 ,  4.50922512, -2.69530659, -2.92400572,  4.54948607],       [ 3.17848162, -5.33773946,  5.11498864, -7.79459542,  4.91995715,        -2.61909871,  1.69851514, -5.56026645, -5.14489445,  4.43189054],       [ 2.00950327, -6.36869816, -3.24879429, -3.49728902,  4.75270476,        -1.84668843,  5.75332333, -5.73437046,  3.73465057, -0.70885982],       [ 2.9384352 , -6.18643156,  8.16829531, -5.76586624,  4.57190178,        -1.93283887,  1.96739525, -7.32063469, -4.8628817 ,  4.87308273],       [ 3.4955789 , -5.51642323,  5.92138254, -8.06302518,  3.57219463,        -0.78981771,  2.53289707, -7.98678907, -4.70620503,  4.0962026 ],       [ 2.2655684 , -5.07418259,  2.95881478, -7.2952255 ,  5.0727353 ,        -1.66041835,  3.98644172, -4.70194105, -4.98063796,  3.14415392],       [ 2.95167395, -4.86313232,  5.1020688 , -7.99833179,  4.71735805,        -3.3315771 ,  2.04300766, -5.43293494, -4.82025503,  8.74575495],       [ 3.92252164, -5.9017212 ,  0.70679961, -7.14526448,  1.71973812,        -1.80443195,  2.66499161, -6.72313444, -6.3308548 ,  7.46067612],       [ 3.20990468, -6.27427046,  5.12183197, -7.15445928,  4.47309942,        -2.29765294,  0.83910368, -6.3431684 , -4.34817877,  5.37203214],       [ 2.62670811, -4.8110993 ,  3.436544  , -5.94307395,  3.95535035,        -1.67074193,  2.73420803, -6.03166157, -5.86926271,  7.09264058],       [ 1.48141697, -6.98052595,  2.83082702, -6.61677798,  4.75086208,        -1.40355919,  2.62096463, -5.63502107, -4.89892165,  0.65456264],       [ 2.69044608, -5.96400387,  4.86754139, -4.03861204,  4.52543965,        -2.82583999,  3.75902986, -5.51329678, -1.81479729,  3.90955082],       [ 2.76050272, -5.90979004,  3.62135177, -7.32796919,  5.91546234,         1.07495585,  1.01800947, -5.26680648, -2.8206363 ,  4.89719335],       [ 2.3183014 , -5.30407395,  5.18141223, -4.17928811,  8.38979192,         0.79303949,  3.85495063, -2.91214311,  1.3921113 ,  0.13715717],       [ 2.46434822, -5.45600941,  7.19269871, -6.81573799,  2.64415962,        -1.87534874,  2.71960302, -5.29205693, -4.67793103,  2.70027818],       [ 2.69848327, -6.77093715,  4.86111265, -5.75313453,  4.89829934,        -0.50201227,  2.63213623, -5.36167005, -0.67082438,  1.879482  ],       [ 4.07609332, -5.98385824,  5.48581566, -7.58144186,  4.78260514,        -2.00364547,  2.53609876, -4.55425654, -3.12673652,  4.13708199],       [ 3.10551736, -6.29274426,  4.96984152, -7.35164817,  6.77540446,        -0.02256687,  0.74665696, -7.06960487, -2.87527933,  3.77231795],       [ 2.42485336, -5.46633079,  6.11048835, -5.48997652,  5.01746881,        -1.15417303,  2.69461685, -7.61925044, -4.01477244,  6.06770443],       [ 0.91391847, -4.81406804,  6.42476466, -2.46218457,  4.53711034,         0.33293175,  2.54483409, -1.70264365, -0.53973502,  4.62902176],       [ 2.3134584 , -5.75082666,  9.21102741, -6.86287981,  4.61301843,        -3.05942392,  0.41549738, -5.83109519, -5.86014865,  3.20238735],       [ 1.76868133, -6.12922441,  2.7668684 , -7.43521203,  3.18256081,        -1.58082983,  4.04729857, -5.06279868, -3.97217124,  6.36199482],       [ 4.34408422, -5.82493517,  5.8448042 , -6.74293291,  4.67575118,        -2.63298041,  1.66759756, -4.91372422, -4.26816104,  3.95573957],       [ 3.56823559, -5.58465273,  2.27319664, -6.04573631,  0.15914817,        -5.80687843,  1.07237094, -2.3096166 , -1.39142818,  3.16397628],       [ 2.62373128, -5.045015  ,  2.29590381, -5.63136764,  5.68400167,        -0.77704168,  2.35723327, -4.99905661, -3.98819534,  3.07913011],       [ 2.65565591, -6.00531115,  2.06517995, -6.00338302,  4.71673319,         2.03326505,  3.99381413, -3.93865251, -4.1441514 ,  3.81235648],       [ 2.75682628, -6.48044071,  5.21283195, -5.83246716,  4.75208013,        -1.67638066,  2.56333649, -4.62166164, -1.78476565,  5.85789814],       [ 1.51103833, -6.11386222,  5.18897079, -1.65435932,  6.09687015,        -0.67750213,  4.62371443, -4.44016016, -1.3439639 ,  0.4558394 ],       [ 2.56537666, -6.64874416,  5.24564394,  5.6085503 ,  6.36585029,        -1.67353289,  4.31462762, -4.90702982, -2.25482149, -0.3124423 ],       [ 2.14357101, -5.84204532,  1.34359611, -6.31233765,  4.27956888,        -1.48509956,  2.72976785, -2.64349922, -2.88977954,  2.72353295],       [ 1.29755442, -6.79885102,  5.62479016, -2.26811506,  4.99919839,        -1.45205491,  2.70069165, -3.5635179 , -3.16690681,  0.04508053],       [ 3.49039756, -6.81491836,  5.17297033, -2.11050312,  3.75689339,        -2.80282431,  2.63581204, -4.35245641, -5.28799497,  2.69459899],       [ 2.46623305, -5.47375342,  5.06683513, -6.21693784,  5.44930547,        -3.80322675,  2.93149673, -4.96930373, -6.01170527,  3.59745772],       [ 4.93355714, -6.06453257,  6.62536597, -6.17359714,  2.55644585,        -2.67119389,  3.64716455, -7.22402195, -7.720594  ,  7.71517435],       [ 2.64351192, -5.85896531,  2.06650056, -6.19213405,  4.84257373,        -1.93409125,  4.42160381, -4.4491416 , -4.13168489,  1.08424523],       [ 2.47379067, -6.03280643,  9.66976874, -6.05222648,  2.96930016,        -3.8432885 ,  2.99099663, -2.51628807, -9.85595054,  5.05250207],       [ 3.25074848, -5.85028583,  7.62360694, -6.99645941,  1.7548301 ,        -0.78710428,  3.21418261, -2.61686266, -9.87386164,  3.05337499],       [ 2.66388365, -6.2029768 , -3.06992273, -3.24500598,  3.50865404,         0.4668144 ,  7.32434077, -0.45516725, -5.8590399 ,  3.00380619],       [ 2.45842256, -6.54812914,  4.98346062, -6.15035883,  4.75568767,        -2.61850237,  4.18158046, -6.23455851, -3.11440211,  3.00375248],       [ 2.54809343, -6.09072267,  6.14419069, -3.04125925,  4.66271821,        -1.51823885,  1.88841384, -5.84697096, -4.86611288,  5.38424655],       [ 2.53634907, -6.03647013, -1.57445032, -5.33796996,  5.00525219,        -1.55040401,  6.05462584, -0.70742605, -3.5465525 , -3.11707926],       [ 3.49545451, -7.42525396,  5.02699658, -9.99069507,  5.02179264,        -2.68855778,  3.0672889 , -4.30962467, -2.06438225,  2.80337158],       [ 4.81542907, -6.05377853,  2.95646796, -6.0058321 ,  4.36621749,        -3.94412132,  2.67045845, -4.56966692, -3.39433706,  2.94007722],       [ 3.51504839, -6.24987745,  6.2971314 , -2.31702776,  4.63496634,         1.37718177,  3.04596568, -7.50146096, -2.81512415, -1.12612176],       [ 3.38307438, -7.0422075 ,  2.73768574, -6.5609164 ,  4.15156962,        -2.51801598,  3.01821761, -4.52266947, -4.79317593,  3.14913044],       [ 2.68702434, -6.20326128,  4.35299613, -2.76874864,  6.33405111,        -0.87158637,  3.05419813, -4.40776409, -3.56875464,  2.78754966],       [ 4.61770106, -6.04074572,  2.90414543, -5.87450877,  7.0319143 ,        -0.93380959,  3.07624897, -4.56511586, -3.33326648,  0.74591241],       [ 2.57821964, -5.66422819,  4.76696522, -8.08341533,  6.09936683,        -2.16325669,  3.05774597, -1.61306325,  1.60900253,  3.22934367],       [ 4.22108554, -5.93742178,  7.09269871, -6.25893663,  4.26898679,        -1.46657151,  2.10786649, -4.45843013, -4.08354509,  4.17910352],       [ 3.41962289, -6.09544032,  5.83480285, -5.91118725,  3.94454216,        -2.49358303,  2.5604195 , -5.24031857, -3.49448819,  5.18383144],       [ 2.6251036 , -5.91282528,  8.04218377, -1.3801539 ,  5.17243962,        -1.4278161 ,  3.10460732, -4.48202748, -3.31796673,  2.84848037],       [ 3.48879974, -4.40313278,  6.97905657, -3.83686452,  3.09234659,        -0.68863866,  2.31711046, -2.75124146, -4.98596771,  2.90831359],       [ 2.90357306, -6.07562007,  6.98174102, -5.80256236,  3.7933373 ,        -4.31512104,  2.15695526, -8.63332558, -8.15190226,  6.23600795],       [ 2.7594328 , -6.24740325,  8.47094618, -6.71158918,  3.72011393,        -2.36366185,  2.33658976, -7.5249105 , -6.92863734,  5.19464305],       [ 4.06924887, -6.17408452,  4.52066256, -2.6310213 ,  4.13714292,         0.96026954,  4.41988273, -4.49240223, -1.37235516,  3.21612394],       [ 2.44574872, -5.95699663,  5.13561986, -3.60905545,  5.16319551,        -1.70760374,  2.44004396, -4.57683929, -3.01246687,  1.91336152],       [ 5.6667918 , -5.74548713,  6.06443538, -6.92634249,  1.15803366,        -8.02647788,  4.3230563 , -4.28761535, -7.34495523,  9.4271056 ],       [ 2.61273658, -5.7200206 ,  4.45939164, -7.95140732,  5.33108876,        -2.93986997,  3.50366877, -4.3080696 , -2.68405728,  2.78185738],       [ 2.86549706, -6.44472906,  6.37638354, -7.19367825,  5.34466631,        -2.93330643,  0.75494856, -4.12201256, -2.9551237 ,  2.95943309],       [ 6.49893183, -6.14531564,  7.43028767, -6.37780293,  3.06509965,        -2.7329798 ,  0.64370935, -5.12073429, -2.82393868,  4.5896062 ],       [ 0.80641683, -4.66548972,  4.59281244, -5.81286791,  5.85475743,        -2.91833858,  1.2967845 , -4.2948455 , -8.79905288,  3.00652367],       [ 1.61257512, -7.16517029,  6.37477949, -5.64679571,  5.14545361,        -3.98230623,  2.80693996, -3.38814606, -6.86580901,  1.24482086],       [ 2.91749233, -5.27043738,  9.42197661, -6.29178766,  3.26414784,        -5.36750003,  0.34455914, -5.18423428, -6.59232518,  2.7470738 ],       [ 2.97348216, -6.00295556,  4.01450026, -9.66048781,  7.69107545,        -1.06309276,  3.27408247, -4.13168685, -6.62207042,  5.48936249],       [ 0.05700902, -6.22366872,  4.50576872, -5.05020511,  7.27960668,        -0.62940218,  2.7837598 , -3.36379595,  0.08220591,  3.88869666],       [ 4.31229386, -5.61553196,  2.3000688 , -5.35527872,  4.47572286,        -0.70426335,  4.46762777, -4.22454274, -4.33566745,  2.73926117],       [ 2.4427117 , -5.62213555,  3.98409758, -3.31524274,  1.92947286,        -2.42773241,  6.25183513, -1.6485968 , -7.77872323,  2.63533005]])
all_costs=array([564.73734523, 568.19328479, 568.06646327, 591.08475159,       571.00613033, 569.55285213, 565.89134514, 550.89140637,       569.40713057, 521.98456872, 519.71607313, 496.41703954,       488.8325375 , 486.46534502, 479.2254134 , 494.77950515,       495.40164077, 467.61622406, 454.97911315, 453.00461723,       446.75524433, 427.22385455, 423.38903109, 411.56016848,       416.54237486, 417.12180521, 400.87389564, 398.48992524,       413.54121106, 419.6122204 , 410.55563481, 387.80013717,       376.27989682, 392.42357217, 366.64988564, 356.80177558,       357.99303658, 372.07635073, 346.58424987, 353.2182809 ,       343.27444088, 330.74297467, 331.52271892, 310.25210636,       318.25354996, 310.50685954, 304.16489707, 316.26899713,       295.66276182, 291.83920228, 284.87685537, 301.60830893,       287.38362739, 293.44376868, 288.60235663, 274.97956352,       276.99502879, 271.29238763, 288.36957166, 271.59922172,       282.43240095, 264.91269446, 271.52024137, 275.52529202,       258.43073442, 265.71413312, 254.06803044, 254.93899931,       258.59222897, 253.46811392, 248.5742135 , 256.65599086,       242.76437199, 249.14139032, 240.95126173, 245.92976463,       248.08380587, 245.72741325, 241.33022594, 237.13881241,       236.02877667, 237.5348215 , 230.85365549, 233.04373787,       230.1988598 , 221.04041737, 216.90193323, 213.77912677,       203.0658311 , 213.52087682, 196.73604328, 197.19542274,       188.13668789, 196.00324393, 195.91612784, 197.77406717,       196.40833898, 185.34465066, 179.86708893, 190.10264698,       191.03412799, 177.6727476 , 169.53419144, 164.44142845,       161.56231689, 156.92256789, 154.06610075, 159.57278086,       150.70253416, 143.64582467, 144.84464127, 143.55972531,       138.27963548, 139.94335628, 138.23343297, 138.63809964,       133.56031042, 132.62459761, 127.21670032, 128.47042715,       127.50084437, 128.75695162, 133.32225719, 126.57396093,       128.53193796, 129.76232178, 130.49223896, 125.09587406,       127.60703291, 126.7053122 , 125.28929678, 125.05878135,       125.10122168, 123.60141625, 123.36732686, 121.45927059,       122.67597563, 122.64291072, 119.70998289, 121.29038808,       124.60400255, 120.01044351, 118.34299622, 124.12632309,       116.34696527, 115.76529709, 114.37940536, 112.62065617,       107.62034418, 110.1467338 , 291.16670892, 442.65295129,       223.5564785 , 319.49102076, 168.94930047, 463.43221609,       240.73685605, 269.43700795, 371.77993238, 315.23704772,       427.47387588, 289.55709441, 118.15603001, 276.71987691,       250.26918681, 248.57235777, 305.69655554, 302.2030875 ,       348.4578289 , 871.15467686, 234.27553738, 149.09709347,       204.77291024, 262.09422659, 211.82072989, 345.66250871,       321.54640234, 337.17971764, 728.00534867, 134.86721824,       112.1491652 , 503.6865894 , 206.01126771, 289.75145699,       384.65177031, 161.20742246, 463.45592601, 107.23806565,       113.53043059, 314.13497613, 230.39425225, 338.01489369,       127.58570615, 321.12105354, 129.38083388, 132.70795231,       342.85673265, 250.72504235, 165.28119285, 278.22085324,       186.24926506, 146.97020121, 163.02534869, 368.86690393,        98.84532587, 114.00526686, 181.49426298, 131.4483697 ,       148.75818664, 350.53683421, 324.57950116, 176.42200154,       132.07582379, 114.03289891, 186.9757347 , 139.88584473,       160.44536787, 198.13720237, 356.16559549, 114.77049414,       204.87582158, 289.70718521, 174.01182318, 257.51611563,       132.42989628, 365.54962044, 149.59560185, 165.71221336,       218.5199004 , 119.45851621, 162.85742182, 252.56264519,       269.52672334, 168.50393256, 259.21870277, 301.40768768,       273.45062124, 357.13361598, 137.96306032, 301.70101469,       281.36264386, 278.33097573, 202.07263548, 125.21533481,       124.76531207, 197.49973395, 213.49653629, 224.60476528,       126.42636048, 199.80770391, 250.88171312, 214.12881018,       112.64756948, 348.31467441, 160.12588335, 224.28201471,       130.13688347, 113.05893948, 127.46361262, 148.70797954,       219.85048246, 528.78936401,  83.46040583, 127.41997122,       117.9237938 , 162.63428712, 361.57825571, 114.88661351,       274.71597971, 277.6252326 , 364.5523263 , 151.30607141,       148.61281432, 248.76968686, 216.81418607, 132.61844625,       128.53360802, 133.48219168, 136.20662722, 134.18172637,       139.00796348, 211.5519966 , 179.14709301, 144.1464986 ,       126.19154803, 364.93258567, 355.5700707 , 135.26589327,       103.50128244, 341.55974463, 147.67304056, 195.63970968,       356.09438307, 177.8285751 , 150.33339513, 377.78419358,       239.73129428, 164.50487865, 119.01289658, 172.95435739])
all_uncers=array([0., 0., 0., 0., 0., 0., 0., 0., 0., 0., 0., 0., 0., 0., 0., 0., 0.,       0., 0., 0., 0., 0., 0., 0., 0., 0., 0., 0., 0., 0., 0., 0., 0., 0.,       0., 0., 0., 0., 0., 0., 0., 0., 0., 0., 0., 0., 0., 0., 0., 0., 0.,       0., 0., 0., 0., 0., 0., 0., 0., 0., 0., 0., 0., 0., 0., 0., 0., 0.,       0., 0., 0., 0., 0., 0., 0., 0., 0., 0., 0., 0., 0., 0., 0., 0., 0.,       0., 0., 0., 0., 0., 0., 0., 0., 0., 0., 0., 0., 0., 0., 0., 0., 0.,       0., 0., 0., 0., 0., 0., 0., 0., 0., 0., 0., 0., 0., 0., 0., 0., 0.,       0., 0., 0., 0., 0., 0., 0., 0., 0., 0., 0., 0., 0., 0., 0., 0., 0.,       0., 0., 0., 0., 0., 0., 0., 0., 0., 0., 0., 0., 0., 0., 0., 0., 0.,       0., 0., 0., 0., 0., 0., 0., 0., 0., 0., 0., 0., 0., 0., 0., 0., 0.,       0., 0., 0., 0., 0., 0., 0., 0., 0., 0., 0., 0., 0., 0., 0., 0., 0.,       0., 0., 0., 0., 0., 0., 0., 0., 0., 0., 0., 0., 0., 0., 0., 0., 0.,       0., 0., 0., 0., 0., 0., 0., 0., 0., 0., 0., 0., 0., 0., 0., 0., 0.,       0., 0., 0., 0., 0., 0., 0., 0., 0., 0., 0., 0., 0., 0., 0., 0., 0.,       0., 0., 0., 0., 0., 0., 0., 0., 0., 0., 0., 0., 0., 0., 0., 0., 0.,       0., 0., 0., 0., 0., 0., 0., 0., 0., 0., 0., 0., 0., 0., 0., 0., 0.,       0., 0., 0., 0., 0., 0., 0., 0., 0., 0., 0., 0., 0., 0., 0., 0., 0.,       0., 0., 0., 0., 0., 0., 0., 0., 0., 0., 0.])
best_cost=83.46040583008858
best_params=array([ 2.14357101, -5.84204532,  1.34359611, -6.31233765,  4.27956888,       -1.48509956,  2.72976785, -2.64349922, -2.88977954,  2.72353295])
best_index=262
worst_cost=871.154676862881
worst_index=169
cost_range=787.6942710327925
fit_count=1
costs_count=300
params_count=0
update_hyperparameters=True
length_scale=array([11.44274019,  9.80194524, 14.92821428,  7.0238488 ,  7.83075078,       34.34834017,  5.46429267,  5.81940191, 15.67737216, 17.8763761 ])
noise_level=9.999999999999997e-06
predicted_best_parameters=array([-0.40555885, -5.06997049, -0.66898392, -3.77879172, -1.70666326,       -7.94566504,  2.40227329, -1.29977863, -1.80869277,  0.02679033])
predicted_best_scaled_cost=array([-1.75977453])
predicted_best_scaled_uncertainty=array([0.29842782])
predicted_best_cost=array([26.56514802])
predicted_best_uncertainty=array([0.00234468])
