archive_type='neural_net_learner'
num_params=48
min_boundary=array([-10., -10., -10., -10., -10., -10., -10., -10., -10., -10., -10.,       -10., -10., -10., -10., -10., -10., -10., -10., -10., -10., -10.,       -10., -10., -10., -10., -10., -10., -10., -10., -10., -10., -10.,       -10., -10., -10., -10., -10., -10., -10., -10., -10., -10., -10.,       -10., -10., -10., -10.])
max_boundary=array([10., 10., 10., 10., 10., 10., 10., 10., 10., 10., 10., 10., 10.,       10., 10., 10., 10., 10., 10., 10., 10., 10., 10., 10., 10., 10.,       10., 10., 10., 10., 10., 10., 10., 10., 10., 10., 10., 10., 10.,       10., 10., 10., 10., 10., 10., 10., 10., 10.])
start_datetime='2020-01-29_13-36'
bad_run_indexs=[[]]
generation_num=3
search_precision=1e-06
parameter_searches=48
hyperparameter_searches=48
bad_uncer_frac=0.1
trust_region=array([10., 10., 10., 10., 10., 10., 10., 10., 10., 10., 10., 10., 10.,       10., 10., 10., 10., 10., 10., 10., 10., 10., 10., 10., 10., 10.,       10., 10., 10., 10., 10., 10., 10., 10., 10., 10., 10., 10., 10.,       10., 10., 10., 10., 10., 10., 10., 10., 10.])
has_trust_region=True
predict_global_minima_at_end=True
predicted_best_parameters=array([-10.        , -10.        , -10.        ,  10.        ,        10.        ,  10.        ,  10.        ,  -9.14465647,       -10.        ,  10.        ,   6.86861251,  10.        ,       -10.        ,  10.        , -10.        , -10.        ,         5.34324503,   1.34791761,   3.57989479, -10.        ,         9.46106954,  10.        , -10.        , -10.        ,        -0.70088274, -10.        ,  -5.72064884, -10.        ,         8.70031356,  10.        ,  -0.86735501,  -2.69992289,        10.        ,  10.        ,  10.        ,  10.        ,       -10.        , -10.        , -10.        ,   0.85090803,         6.16949723,  10.        ,  10.        ,  10.        ,        10.        ,  10.        ,  10.        ,  10.        ])
predicted_best_scaled_cost=-12864.538025463427
predicted_best_cost=-12864.538025463427
all_params=array([[-7.39942856, -9.61266084,  3.57671066, -5.76743768, -4.68906681,        -0.16853681, -8.9327491 ,  1.48235211, -7.0654285 ,  1.78611074,         3.9951672 , -7.95331142, -1.71888024,  3.88800315, -1.71641461,        -9.00093082,  0.71792812,  3.2758929 ,  0.29778224,  8.89189512,         1.73110081,  8.06803831, -7.25050592, -7.21447305,  6.14782577,        -2.04646326, -6.69291606,  8.55017161, -3.04468281,  5.01624206,         4.51995971,  7.66612182,  2.47344414,  5.01884868, -3.02203316,        -4.60144216,  7.91772436, -1.4381762 ,  9.29680094,  3.26882996,         2.4339144 , -7.70508054,  8.98978517, -1.00175733,  1.56779229,        -1.83726394, -5.2594604 ,  8.06759041],       [-2.77131064, -9.97018494,  3.71226014, -5.35100608, -1.93024861,         7.56952813, -6.04600593,  8.30628613, -1.93710401, -7.9257229 ,         8.87065472, -1.67698   ,  8.23217846, -3.33524712, -7.49266681,         0.25768201,  4.154026  , -5.62031314,  5.18207981,  7.26603089,         8.593743  ,  6.55792447, -8.41560811, -9.74582201, -3.48909507,        -9.49179843, -6.72364866,  8.39734403, -0.86394839,  3.29959277,         7.55463185, -0.80233963, -2.63342751,  3.79419696,  6.46176446,        -1.36094372, -1.85697395,  4.8612026 ,  1.79037097,  6.77264423,        -0.75289232,  0.61717755,  7.21575496,  0.56758695, -5.91703665,        -8.91173082, -8.21133198, -1.40079833],       [-8.14801704, -7.73617708,  5.32523918, -1.80070933, -9.77311656,        -1.53579761,  3.49736818,  4.94949038, -6.32793545, -6.95334904,         7.14894948, -6.41914171,  5.07350657,  6.16514341,  0.59156997,        -5.00716726,  1.97828805, -1.0852309 ,  7.46585262, -0.73739234,        -1.19437206, -2.50083259, -4.36598764, -3.78258978, -0.607748  ,        -6.66509183,  3.12521541,  5.12392836, -2.7255989 ,  2.50065239,         6.83059324,  2.84770579, -5.3992553 , -5.13079378,  1.4720515 ,         1.73734005, -6.18680746,  6.25701642, -6.99802439,  0.21592465,         5.48919774, -5.63352009,  5.39077956,  0.76319711,  3.02403675,        -7.08049453, -9.2224066 ,  3.67164009],       [-0.84815915,  1.13329286,  9.00170639, -9.74609127, -7.60320626,         1.38832041,  9.15863511,  9.2501252 , -2.38940168,  1.94559646,         5.39374924, -4.7033605 ,  2.32764307,  4.52569228,  1.25743235,         3.88608322,  8.53543739, -2.53101896,  9.53952712, -6.64916024,        -7.62429406, -7.6362272 , -2.09447145, -9.6509234 ,  8.38327722,         1.02950885, -6.62134252, -2.25496352, -4.26380063, -5.20698828,         7.49110543, -1.23926972,  3.72626934, -1.34591113,  7.75500525,         7.16443797,  2.50635842,  2.57714336, -2.89641202,  6.01555827,        -0.3647925 , -2.95678262,  4.14331411, -8.93799233,  3.09895533,        -4.39711604, -1.29859649, -1.1809293 ],       [ 0.58250176, -2.91326144, -1.97445513,  4.33975315, -3.74082849,        -9.00460829,  0.43166977,  5.16982244,  2.55918281, -9.99475492,         9.70133065, -4.88571611,  9.60868016,  4.53130394,  6.67816584,        -1.38344653,  3.29729638, -4.59839057,  4.8213082 ,  4.44737497,         6.14113066,  3.21330963,  0.91343565,  4.01961754, -3.74248879,        -1.05509307,  0.73361596,  0.80811627, -2.90347997, -0.47371682,         1.01035152,  3.51504976, -3.71806944,  4.47966392,  4.03031151,        -4.6362456 , -4.1058968 ,  0.97561815,  0.37088028,  7.6258771 ,         8.60466964, -0.47904913, -0.66168838, -4.3820744 ,  7.53675281,        -3.18218774, -1.354634  ,  3.01943865],       [-1.31080728, -3.63493331,  6.63777619,  0.35281192, -5.23723935,        -3.67252265, -5.37699806,  0.63744188, -8.91134713,  2.82247184,        -0.51713459,  1.02573793,  8.13361581,  5.68924203,  1.64456243,        -7.58658217,  0.39226534, -3.47115035,  0.28653662,  1.41332366,        -4.12756962,  6.03458428,  4.22125304, -5.83020716, -7.84956795,        -7.42685969,  1.55559068,  5.96242095, -6.40356576, -3.15892215,         8.04660659, -0.01953465, -0.99593877, -6.52556999, -6.63870437,         1.15826134, -3.40915968, -1.64481968, -1.91529054,  0.97866183,         4.98125543, -7.9233894 ,  6.37001511, -4.96528736,  1.84053424,         0.14563633, -9.75933173, -1.03205292],       [ 0.34586113,  0.35936905,  3.22672609,  5.77165588, -0.28644484,         5.25894606,  7.59252088, -3.5643711 , -1.09532512, -0.82145941,         4.99118499,  0.85946156, -4.41046634,  6.82128584,  4.79327332,        -6.10638543, -3.38888309,  1.95987125,  1.79386189,  5.34437517,        -1.60993996,  3.69746305,  5.48504811, -5.13074951, -7.22679494,         2.01886523,  2.26391327,  9.62423595,  0.99695975,  9.8934819 ,         4.02202178,  1.87711829, -8.02265176, -4.71094646, -8.04217223,        -5.33341733,  0.29963011, -3.32520114, -5.23421559,  7.27664789,         5.54050713, -0.0735936 , -1.85338384, -0.73597734,  2.89687345,         2.7871026 , -7.80238161, -2.28328792],       [-6.89272908, -0.80001836,  2.03124281, -8.9639246 , -4.79946368,        -6.08632462,  6.67644   , -0.5755208 , -9.62256882, -2.25769396,         7.99318546, -4.82547401,  6.26626172,  3.23671246,  1.09059523,         4.3846383 ,  6.46703966, -9.38861666,  6.35741698, -1.0428589 ,         7.81925284, -6.12511151, -5.82459274, -8.67870329, -1.68811566,        -8.54624479,  3.82023047,  7.068867  ,  2.03681126,  5.90885169,         1.34051084,  7.35599929, -3.73965658,  2.25237269,  3.07974006,        -5.64337358, -8.91722666, -3.49103837, -9.13244321, -0.71141863,        -2.86612003, -9.60085108,  6.41871734, -1.64114203,  5.7040372 ,        -4.15515337, -5.14914805,  1.47778005],       [-4.38211354, -0.15014699,  1.23025316,  6.4646464 , -9.62098098,         4.28897249, -4.42921837,  4.25843477, -9.85829915, -2.97271785,        -2.81226661,  2.91802801,  8.58798408,  7.1772319 ,  8.35560757,        -7.81766979, -5.17914606, -6.45099023,  5.268308  ,  7.44825294,         8.61672876,  2.44405096,  1.44097664,  4.74638091, -2.22615556,        -6.66826412, -3.94818782, -3.09902   ,  4.03736123, -4.93057684,         0.31123429,  6.89696437, -5.46519483,  4.60776765, -3.58768036,         1.48326962, -5.65620663,  8.77375248, -5.23403946, -1.20585208,         2.9229757 ,  3.48849371, -4.15707959,  4.55365066,  8.14994177,        -9.64746257, -4.37354392, -1.00548093],       [ 0.18665278, -3.15045192,  5.45416806, -1.75838752, -3.57435671,        -4.64359302, -6.34835568,  3.62996113, -5.7419146 , -3.25139019,         8.92572739, -4.20810633, -1.23373812,  1.30193935,  8.67753125,         4.04631094,  7.19455917,  7.40549374,  0.32238844, -8.31486452,        -5.72529767, -4.49867096, -7.26770813, -0.15450493, -1.97962802,         0.88597244, -3.750749  ,  5.5650939 , -5.84800053,  2.54911183,         1.42655286, -6.17522407, -6.65915001, -0.12532215,  0.68507562,         1.21595248, -7.58655693,  4.100355  ,  2.95976373,  6.37625199,         4.11402135,  4.02152734,  8.5619061 ,  2.22078953, -6.42549514,        -8.7910302 , -9.29545024,  1.04770153],       [-5.55035276,  1.96152011, -2.20964617,  7.70404414, -2.15112397,         5.21889429,  3.93719409,  5.01425937, -3.48003395, -9.82861454,         1.68544852, -3.31724259,  5.97120824,  2.64854932, -0.53091872,        -7.93604555, -7.82547832,  4.34265821,  1.47618865,  8.96179219,        -5.85835708, -4.07289156, -1.80940134,  2.24238443, -1.00475296,        -8.33550285, -1.60139114,  2.62919167,  1.64033804,  5.97777419,        -1.45296185, -6.75924713, -2.42101153,  2.04388918, -8.29442655,         4.01842815, -0.51298573,  2.43100718,  1.8940602 ,  2.9640129 ,        -4.43476801, -3.04046847,  7.94474282,  6.73742996,  4.04405454,        -1.29614953, -3.76516675, -1.85243356],       [-3.3566081 , -1.76202487,  0.49705971,  5.57546922, -8.00537436,         3.79868269, -1.72342433,  6.595564  , -4.15194762,  0.53775922,         1.69224386, -7.09786242,  6.52637374,  0.43516049,  4.82270556,         1.16176147, -4.03176438, -5.95011837, -0.04050479, -7.25472517,        -2.90872494, -9.53403419, -8.26586958,  0.93968149,  5.50946815,        -8.92614615, -2.96485801, -1.78741742,  5.84638791,  4.9481924 ,         4.12492498, -1.92911209,  2.18949081, -3.52734595,  8.5818007 ,         4.63172406, -3.3968615 , -2.0084802 ,  2.69049444, -6.62191437,        -1.57088288, -3.80543598,  1.2958543 , -6.41377358,  5.40492792,        -7.56150708, -3.06035455,  5.98821913],       [-7.50240328, -2.63000352,  6.31558396,  1.61512782, -3.89324867,        -4.54415528,  5.57080041,  9.17686415, -4.1816972 ,  0.20485315,        -2.12957918,  1.34370527, -2.05687482,  1.63125193, -3.58432804,        -8.79901947,  8.28128741, -2.9986192 ,  4.11769253, -0.48203223,        -7.51462674, -6.38722586, -8.80886322, -1.76282543, -4.92796518,        -5.23861623, -5.05120545,  6.83960595, -8.15882736,  9.74991374,        -0.83629933,  2.66576669, -9.34522472,  1.70379443, -5.01493926,         1.3782709 ,  0.2228336 , -1.68247765, -2.834778  , -5.49850418,         6.50574149,  0.3857466 , -2.02997668,  7.34467788, -6.64026188,         1.11383659, -3.97636197,  0.25556908],       [-1.0073443 , -1.20770967,  9.81401465, -4.93904937, -9.96120255,         7.24376677,  7.65492824,  5.91906752, -2.93579761, -0.77658862,         7.17957425, -4.90886293,  6.57172068,  6.54992322,  2.49303686,        -3.97489142,  4.54497231, -9.94112101,  7.17852139,  7.26732132,        -5.49951785, -7.88667482, -6.55607741, -5.10077338,  7.12391136,        -2.75692553, -2.03658726, -2.81789736, -4.98792817,  3.24299598,         1.09930538,  0.69248219, -3.5155595 ,  2.31371546, -0.62859185,        -1.94927993, -0.67648727, -0.69915933, -3.92488119, -3.55672727,         4.58537543,  2.60458163,  1.93116685,  5.85364985,  0.78146969,        -1.52184156, -8.57907158,  0.74151797],       [ 7.27024952,  1.37833717,  7.62436936, -2.39872906, -5.00012047,         7.99599372, -1.50799029,  3.99127567,  6.0874914 , -0.04496326,        -0.32729128,  2.7963696 , -0.04919863,  5.97474221,  1.95136523,         5.20520455,  4.19411334, -1.57088109, -2.7197674 ,  9.86427036,        -8.87310126, -6.09794045,  2.71999956, -9.86681429,  7.71745584,         4.84993641, -2.09913755, -5.60575983,  2.05003273,  1.25053151,        -6.3616016 ,  8.60694314,  4.76956361,  1.00732285,  6.59553372,        -2.44436523,  3.2069427 , -2.31844608, -1.87013698, -6.88314965,         9.46031741, -2.27741338, -6.19943969, -2.10481397, -8.94769713,         3.22935807, -3.55290509,  6.04389087],       [-0.36920561,  4.88013086,  6.90105874,  1.71513751, -5.91940081,         5.50688005, -0.12549826,  0.4505927 , -7.05463983, -2.14459852,         0.27466538, -3.85908441,  9.66727869,  0.85824275,  9.69346962,         0.19687476,  0.34201439, -1.37466719,  5.12253952,  0.47637754,         1.49678961, -4.75567506, -5.19364754, -5.07912908,  6.10329482,        -5.36764591,  4.51943157, -4.92631763, -1.8316107 ,  1.41909838,         7.26613573,  7.84501909, -6.96052563,  2.66635486,  7.39949655,        -1.94726296,  7.81373394, -4.61524127, -0.21296654,  1.22177247,        -1.89691887, -7.15592673, -0.5391174 ,  9.1297433 , -2.62603418,         4.40823863, -8.00434908, -2.67298948],       [-7.16143187,  5.71761177,  6.06124823,  4.30421629, -6.432032  ,         5.54133834, -5.48257463, -1.24776877, -5.18533418, -3.65583459,        -8.58807425,  0.19535489,  6.97578402,  2.60340859,  6.37532474,        -6.43776799, -6.72016259, -0.42331869,  8.14526756, -5.93218491,         0.0607992 , -3.46121612, -2.63696104, -7.59011864,  0.86209145,        -6.1680732 ,  7.59318871,  2.06395407, -2.24865368,  2.69799294,        -0.88152494,  4.03935895, -6.12796609,  7.56723943,  5.86197426,         1.43593977, -0.66601353, -2.76011901,  9.5213486 ,  9.02915013,         1.67803768, -8.05123464,  2.43797257,  5.27863567, -1.85741576,         1.08209671, -2.8113692 ,  4.7274372 ],       [ 4.74510271,  3.63998641,  9.0137045 , -7.1011008 ,  3.95875284,        -3.72506369, -6.03512542, -1.28484333, -8.60825888,  1.13588558,        -8.77866523, -5.40590996,  0.29795371,  4.32483901,  6.58293342,        -2.30604634, -5.95846556,  3.91321355,  0.18651896,  6.00353728,         0.52452334, -1.98652418, -9.57815444, -0.38749719,  0.97626485,        -6.64619088,  1.23619286, -4.23480703, -1.46468983,  9.61878222,         1.90607662,  7.25795948, -2.79220109,  8.07823764,  1.87208117,        -5.56771583,  8.91565678, -9.33023586,  8.81258989,  1.67010813,        -3.18666615,  2.78052494, -8.8642114 ,  4.74647407, -9.45972047,         3.31387446, -7.83516276,  0.93263671],       [ 9.25631099,  8.10854294,  2.81963523,  4.6692471 ,  0.94722585,         2.67870022,  0.50433977, -6.60166168, -5.21798492, -7.46058243,         4.6128879 , -2.30057352,  4.30541861,  7.81780084,  5.13138853,        -1.70184826, -4.37211011, -8.65875188,  1.34334332, -9.02082119,        -3.11592777, -2.32433742,  4.30194541, -8.36791166,  5.45634792,        -2.68481252,  6.54935388, -7.83531373, -8.48834211, -1.16305999,         7.41454487,  0.17483404,  0.01141102, -2.30172267,  0.13243848,        -9.69823787,  2.67189931, -4.1371532 ,  3.04648031, -7.44650567,        -7.23739764, -9.78709815, -7.78542247,  6.21486005, -3.00425361,        -0.58639568, -3.30748247,  7.2136999 ],       [ 6.38163318,  5.45834183,  8.92927406, -7.55842855, -9.009663  ,         2.37671007, -3.06047164,  8.77331501, -3.66240525, -0.36434848,         7.93397567, -2.79090143,  8.72943061, -4.28775696,  2.51549765,        -3.30054351,  1.10602494, -5.90003019,  5.11170048, -6.73578031,        -6.76205321,  3.26548574, -6.49283849, -4.24048398,  4.04584678,        -2.30627939, -4.30367557,  3.17629671,  7.28060219,  6.51621666,         0.88002977,  4.26098682, -5.57418433,  2.2807612 ,  9.67747082,        -4.37290919,  5.96386732, -4.98507316,  5.32460758, -2.66009384,         6.10861656, -0.34501095,  4.84149367,  4.23310086, -6.33818474,        -4.94509182, -6.13945406, -9.35694847]])
all_costs=array([2016.90301346,  726.26786336,  659.61452528,  845.6296345 ,       2035.75979205,  944.14524227,  978.68451236, 2932.50761783,        813.7032066 ,  763.43682605, 1241.86864782,  818.11870069,        700.26439437,  616.28518821, 2891.58425164,  588.71823223,        670.24661628, 1173.41320174, 1108.84383094, 7584.59676861])
all_uncers=array([0., 0., 0., 0., 0., 0., 0., 0., 0., 0., 0., 0., 0., 0., 0., 0., 0.,       0., 0., 0.])
best_cost=588.7182322341719
best_params=array([-0.36920561,  4.88013086,  6.90105874,  1.71513751, -5.91940081,        5.50688005, -0.12549826,  0.4505927 , -7.05463983, -2.14459852,        0.27466538, -3.85908441,  9.66727869,  0.85824275,  9.69346962,        0.19687476,  0.34201439, -1.37466719,  5.12253952,  0.47637754,        1.49678961, -4.75567506, -5.19364754, -5.07912908,  6.10329482,       -5.36764591,  4.51943157, -4.92631763, -1.8316107 ,  1.41909838,        7.26613573,  7.84501909, -6.96052563,  2.66635486,  7.39949655,       -1.94726296,  7.81373394, -4.61524127, -0.21296654,  1.22177247,       -1.89691887, -7.15592673, -0.5391174 ,  9.1297433 , -2.62603418,        4.40823863, -8.00434908, -2.67298948])
best_index=15
worst_cost=7584.596768614125
worst_index=19
cost_range=6995.8785363799525
costs_count=20
params_count=0
length_scale=1
noise_level=1
cost_scaler_init_index=None
net_0={'last_hyperfit': 0, 'last_net_reg': 1e-08, 'losses_list': [4.1260314, 0.39413658, 0.080225706, 0.0143459, 0.004737938, 0.0009825438, 7.991324e-05, 8.31471e-06, 2.8850552e-06, 8.335735e-07, 5.8699584e-07, 5.347337e-07, 5.2734543e-07, 5.256654e-07, 5.2547034e-07, 5.252599e-07, 5.252015e-07, 5.251908e-07, 5.25188e-07, 5.2518783e-07], 'scaler_samples': (array([[-7.39942856, -9.61266084,  3.57671066, -5.76743768, -4.68906681,        -0.16853681, -8.9327491 ,  1.48235211, -7.0654285 ,  1.78611074,         3.9951672 , -7.95331142, -1.71888024,  3.88800315, -1.71641461,        -9.00093082,  0.71792812,  3.2758929 ,  0.29778224,  8.89189512,         1.73110081,  8.06803831, -7.25050592, -7.21447305,  6.14782577,        -2.04646326, -6.69291606,  8.55017161, -3.04468281,  5.01624206,         4.51995971,  7.66612182,  2.47344414,  5.01884868, -3.02203316,        -4.60144216,  7.91772436, -1.4381762 ,  9.29680094,  3.26882996,         2.4339144 , -7.70508054,  8.98978517, -1.00175733,  1.56779229,        -1.83726394, -5.2594604 ,  8.06759041],       [-2.77131064, -9.97018494,  3.71226014, -5.35100608, -1.93024861,         7.56952813, -6.04600593,  8.30628613, -1.93710401, -7.9257229 ,         8.87065472, -1.67698   ,  8.23217846, -3.33524712, -7.49266681,         0.25768201,  4.154026  , -5.62031314,  5.18207981,  7.26603089,         8.593743  ,  6.55792447, -8.41560811, -9.74582201, -3.48909507,        -9.49179843, -6.72364866,  8.39734403, -0.86394839,  3.29959277,         7.55463185, -0.80233963, -2.63342751,  3.79419696,  6.46176446,        -1.36094372, -1.85697395,  4.8612026 ,  1.79037097,  6.77264423,        -0.75289232,  0.61717755,  7.21575496,  0.56758695, -5.91703665,        -8.91173082, -8.21133198, -1.40079833],       [-8.14801704, -7.73617708,  5.32523918, -1.80070933, -9.77311656,        -1.53579761,  3.49736818,  4.94949038, -6.32793545, -6.95334904,         7.14894948, -6.41914171,  5.07350657,  6.16514341,  0.59156997,        -5.00716726,  1.97828805, -1.0852309 ,  7.46585262, -0.73739234,        -1.19437206, -2.50083259, -4.36598764, -3.78258978, -0.607748  ,        -6.66509183,  3.12521541,  5.12392836, -2.7255989 ,  2.50065239,         6.83059324,  2.84770579, -5.3992553 , -5.13079378,  1.4720515 ,         1.73734005, -6.18680746,  6.25701642, -6.99802439,  0.21592465,         5.48919774, -5.63352009,  5.39077956,  0.76319711,  3.02403675,        -7.08049453, -9.2224066 ,  3.67164009],       [-0.84815915,  1.13329286,  9.00170639, -9.74609127, -7.60320626,         1.38832041,  9.15863511,  9.2501252 , -2.38940168,  1.94559646,         5.39374924, -4.7033605 ,  2.32764307,  4.52569228,  1.25743235,         3.88608322,  8.53543739, -2.53101896,  9.53952712, -6.64916024,        -7.62429406, -7.6362272 , -2.09447145, -9.6509234 ,  8.38327722,         1.02950885, -6.62134252, -2.25496352, -4.26380063, -5.20698828,         7.49110543, -1.23926972,  3.72626934, -1.34591113,  7.75500525,         7.16443797,  2.50635842,  2.57714336, -2.89641202,  6.01555827,        -0.3647925 , -2.95678262,  4.14331411, -8.93799233,  3.09895533,        -4.39711604, -1.29859649, -1.1809293 ],       [ 0.58250176, -2.91326144, -1.97445513,  4.33975315, -3.74082849,        -9.00460829,  0.43166977,  5.16982244,  2.55918281, -9.99475492,         9.70133065, -4.88571611,  9.60868016,  4.53130394,  6.67816584,        -1.38344653,  3.29729638, -4.59839057,  4.8213082 ,  4.44737497,         6.14113066,  3.21330963,  0.91343565,  4.01961754, -3.74248879,        -1.05509307,  0.73361596,  0.80811627, -2.90347997, -0.47371682,         1.01035152,  3.51504976, -3.71806944,  4.47966392,  4.03031151,        -4.6362456 , -4.1058968 ,  0.97561815,  0.37088028,  7.6258771 ,         8.60466964, -0.47904913, -0.66168838, -4.3820744 ,  7.53675281,        -3.18218774, -1.354634  ,  3.01943865],       [-1.31080728, -3.63493331,  6.63777619,  0.35281192, -5.23723935,        -3.67252265, -5.37699806,  0.63744188, -8.91134713,  2.82247184,        -0.51713459,  1.02573793,  8.13361581,  5.68924203,  1.64456243,        -7.58658217,  0.39226534, -3.47115035,  0.28653662,  1.41332366,        -4.12756962,  6.03458428,  4.22125304, -5.83020716, -7.84956795,        -7.42685969,  1.55559068,  5.96242095, -6.40356576, -3.15892215,         8.04660659, -0.01953465, -0.99593877, -6.52556999, -6.63870437,         1.15826134, -3.40915968, -1.64481968, -1.91529054,  0.97866183,         4.98125543, -7.9233894 ,  6.37001511, -4.96528736,  1.84053424,         0.14563633, -9.75933173, -1.03205292],       [ 0.34586113,  0.35936905,  3.22672609,  5.77165588, -0.28644484,         5.25894606,  7.59252088, -3.5643711 , -1.09532512, -0.82145941,         4.99118499,  0.85946156, -4.41046634,  6.82128584,  4.79327332,        -6.10638543, -3.38888309,  1.95987125,  1.79386189,  5.34437517,        -1.60993996,  3.69746305,  5.48504811, -5.13074951, -7.22679494,         2.01886523,  2.26391327,  9.62423595,  0.99695975,  9.8934819 ,         4.02202178,  1.87711829, -8.02265176, -4.71094646, -8.04217223,        -5.33341733,  0.29963011, -3.32520114, -5.23421559,  7.27664789,         5.54050713, -0.0735936 , -1.85338384, -0.73597734,  2.89687345,         2.7871026 , -7.80238161, -2.28328792],       [-6.89272908, -0.80001836,  2.03124281, -8.9639246 , -4.79946368,        -6.08632462,  6.67644   , -0.5755208 , -9.62256882, -2.25769396,         7.99318546, -4.82547401,  6.26626172,  3.23671246,  1.09059523,         4.3846383 ,  6.46703966, -9.38861666,  6.35741698, -1.0428589 ,         7.81925284, -6.12511151, -5.82459274, -8.67870329, -1.68811566,        -8.54624479,  3.82023047,  7.068867  ,  2.03681126,  5.90885169,         1.34051084,  7.35599929, -3.73965658,  2.25237269,  3.07974006,        -5.64337358, -8.91722666, -3.49103837, -9.13244321, -0.71141863,        -2.86612003, -9.60085108,  6.41871734, -1.64114203,  5.7040372 ,        -4.15515337, -5.14914805,  1.47778005],       [-4.38211354, -0.15014699,  1.23025316,  6.4646464 , -9.62098098,         4.28897249, -4.42921837,  4.25843477, -9.85829915, -2.97271785,        -2.81226661,  2.91802801,  8.58798408,  7.1772319 ,  8.35560757,        -7.81766979, -5.17914606, -6.45099023,  5.268308  ,  7.44825294,         8.61672876,  2.44405096,  1.44097664,  4.74638091, -2.22615556,        -6.66826412, -3.94818782, -3.09902   ,  4.03736123, -4.93057684,         0.31123429,  6.89696437, -5.46519483,  4.60776765, -3.58768036,         1.48326962, -5.65620663,  8.77375248, -5.23403946, -1.20585208,         2.9229757 ,  3.48849371, -4.15707959,  4.55365066,  8.14994177,        -9.64746257, -4.37354392, -1.00548093],       [ 0.18665278, -3.15045192,  5.45416806, -1.75838752, -3.57435671,        -4.64359302, -6.34835568,  3.62996113, -5.7419146 , -3.25139019,         8.92572739, -4.20810633, -1.23373812,  1.30193935,  8.67753125,         4.04631094,  7.19455917,  7.40549374,  0.32238844, -8.31486452,        -5.72529767, -4.49867096, -7.26770813, -0.15450493, -1.97962802,         0.88597244, -3.750749  ,  5.5650939 , -5.84800053,  2.54911183,         1.42655286, -6.17522407, -6.65915001, -0.12532215,  0.68507562,         1.21595248, -7.58655693,  4.100355  ,  2.95976373,  6.37625199,         4.11402135,  4.02152734,  8.5619061 ,  2.22078953, -6.42549514,        -8.7910302 , -9.29545024,  1.04770153],       [-5.55035276,  1.96152011, -2.20964617,  7.70404414, -2.15112397,         5.21889429,  3.93719409,  5.01425937, -3.48003395, -9.82861454,         1.68544852, -3.31724259,  5.97120824,  2.64854932, -0.53091872,        -7.93604555, -7.82547832,  4.34265821,  1.47618865,  8.96179219,        -5.85835708, -4.07289156, -1.80940134,  2.24238443, -1.00475296,        -8.33550285, -1.60139114,  2.62919167,  1.64033804,  5.97777419,        -1.45296185, -6.75924713, -2.42101153,  2.04388918, -8.29442655,         4.01842815, -0.51298573,  2.43100718,  1.8940602 ,  2.9640129 ,        -4.43476801, -3.04046847,  7.94474282,  6.73742996,  4.04405454,        -1.29614953, -3.76516675, -1.85243356],       [-3.3566081 , -1.76202487,  0.49705971,  5.57546922, -8.00537436,         3.79868269, -1.72342433,  6.595564  , -4.15194762,  0.53775922,         1.69224386, -7.09786242,  6.52637374,  0.43516049,  4.82270556,         1.16176147, -4.03176438, -5.95011837, -0.04050479, -7.25472517,        -2.90872494, -9.53403419, -8.26586958,  0.93968149,  5.50946815,        -8.92614615, -2.96485801, -1.78741742,  5.84638791,  4.9481924 ,         4.12492498, -1.92911209,  2.18949081, -3.52734595,  8.5818007 ,         4.63172406, -3.3968615 , -2.0084802 ,  2.69049444, -6.62191437,        -1.57088288, -3.80543598,  1.2958543 , -6.41377358,  5.40492792,        -7.56150708, -3.06035455,  5.98821913],       [-7.50240328, -2.63000352,  6.31558396,  1.61512782, -3.89324867,        -4.54415528,  5.57080041,  9.17686415, -4.1816972 ,  0.20485315,        -2.12957918,  1.34370527, -2.05687482,  1.63125193, -3.58432804,        -8.79901947,  8.28128741, -2.9986192 ,  4.11769253, -0.48203223,        -7.51462674, -6.38722586, -8.80886322, -1.76282543, -4.92796518,        -5.23861623, -5.05120545,  6.83960595, -8.15882736,  9.74991374,        -0.83629933,  2.66576669, -9.34522472,  1.70379443, -5.01493926,         1.3782709 ,  0.2228336 , -1.68247765, -2.834778  , -5.49850418,         6.50574149,  0.3857466 , -2.02997668,  7.34467788, -6.64026188,         1.11383659, -3.97636197,  0.25556908],       [-1.0073443 , -1.20770967,  9.81401465, -4.93904937, -9.96120255,         7.24376677,  7.65492824,  5.91906752, -2.93579761, -0.77658862,         7.17957425, -4.90886293,  6.57172068,  6.54992322,  2.49303686,        -3.97489142,  4.54497231, -9.94112101,  7.17852139,  7.26732132,        -5.49951785, -7.88667482, -6.55607741, -5.10077338,  7.12391136,        -2.75692553, -2.03658726, -2.81789736, -4.98792817,  3.24299598,         1.09930538,  0.69248219, -3.5155595 ,  2.31371546, -0.62859185,        -1.94927993, -0.67648727, -0.69915933, -3.92488119, -3.55672727,         4.58537543,  2.60458163,  1.93116685,  5.85364985,  0.78146969,        -1.52184156, -8.57907158,  0.74151797],       [ 7.27024952,  1.37833717,  7.62436936, -2.39872906, -5.00012047,         7.99599372, -1.50799029,  3.99127567,  6.0874914 , -0.04496326,        -0.32729128,  2.7963696 , -0.04919863,  5.97474221,  1.95136523,         5.20520455,  4.19411334, -1.57088109, -2.7197674 ,  9.86427036,        -8.87310126, -6.09794045,  2.71999956, -9.86681429,  7.71745584,         4.84993641, -2.09913755, -5.60575983,  2.05003273,  1.25053151,        -6.3616016 ,  8.60694314,  4.76956361,  1.00732285,  6.59553372,        -2.44436523,  3.2069427 , -2.31844608, -1.87013698, -6.88314965,         9.46031741, -2.27741338, -6.19943969, -2.10481397, -8.94769713,         3.22935807, -3.55290509,  6.04389087],       [-0.36920561,  4.88013086,  6.90105874,  1.71513751, -5.91940081,         5.50688005, -0.12549826,  0.4505927 , -7.05463983, -2.14459852,         0.27466538, -3.85908441,  9.66727869,  0.85824275,  9.69346962,         0.19687476,  0.34201439, -1.37466719,  5.12253952,  0.47637754,         1.49678961, -4.75567506, -5.19364754, -5.07912908,  6.10329482,        -5.36764591,  4.51943157, -4.92631763, -1.8316107 ,  1.41909838,         7.26613573,  7.84501909, -6.96052563,  2.66635486,  7.39949655,        -1.94726296,  7.81373394, -4.61524127, -0.21296654,  1.22177247,        -1.89691887, -7.15592673, -0.5391174 ,  9.1297433 , -2.62603418,         4.40823863, -8.00434908, -2.67298948],       [-7.16143187,  5.71761177,  6.06124823,  4.30421629, -6.432032  ,         5.54133834, -5.48257463, -1.24776877, -5.18533418, -3.65583459,        -8.58807425,  0.19535489,  6.97578402,  2.60340859,  6.37532474,        -6.43776799, -6.72016259, -0.42331869,  8.14526756, -5.93218491,         0.0607992 , -3.46121612, -2.63696104, -7.59011864,  0.86209145,        -6.1680732 ,  7.59318871,  2.06395407, -2.24865368,  2.69799294,        -0.88152494,  4.03935895, -6.12796609,  7.56723943,  5.86197426,         1.43593977, -0.66601353, -2.76011901,  9.5213486 ,  9.02915013,         1.67803768, -8.05123464,  2.43797257,  5.27863567, -1.85741576,         1.08209671, -2.8113692 ,  4.7274372 ],       [ 4.74510271,  3.63998641,  9.0137045 , -7.1011008 ,  3.95875284,        -3.72506369, -6.03512542, -1.28484333, -8.60825888,  1.13588558,        -8.77866523, -5.40590996,  0.29795371,  4.32483901,  6.58293342,        -2.30604634, -5.95846556,  3.91321355,  0.18651896,  6.00353728,         0.52452334, -1.98652418, -9.57815444, -0.38749719,  0.97626485,        -6.64619088,  1.23619286, -4.23480703, -1.46468983,  9.61878222,         1.90607662,  7.25795948, -2.79220109,  8.07823764,  1.87208117,        -5.56771583,  8.91565678, -9.33023586,  8.81258989,  1.67010813,        -3.18666615,  2.78052494, -8.8642114 ,  4.74647407, -9.45972047,         3.31387446, -7.83516276,  0.93263671],       [ 9.25631099,  8.10854294,  2.81963523,  4.6692471 ,  0.94722585,         2.67870022,  0.50433977, -6.60166168, -5.21798492, -7.46058243,         4.6128879 , -2.30057352,  4.30541861,  7.81780084,  5.13138853,        -1.70184826, -4.37211011, -8.65875188,  1.34334332, -9.02082119,        -3.11592777, -2.32433742,  4.30194541, -8.36791166,  5.45634792,        -2.68481252,  6.54935388, -7.83531373, -8.48834211, -1.16305999,         7.41454487,  0.17483404,  0.01141102, -2.30172267,  0.13243848,        -9.69823787,  2.67189931, -4.1371532 ,  3.04648031, -7.44650567,        -7.23739764, -9.78709815, -7.78542247,  6.21486005, -3.00425361,        -0.58639568, -3.30748247,  7.2136999 ],       [ 6.38163318,  5.45834183,  8.92927406, -7.55842855, -9.009663  ,         2.37671007, -3.06047164,  8.77331501, -3.66240525, -0.36434848,         7.93397567, -2.79090143,  8.72943061, -4.28775696,  2.51549765,        -3.30054351,  1.10602494, -5.90003019,  5.11170048, -6.73578031,        -6.76205321,  3.26548574, -6.49283849, -4.24048398,  4.04584678,        -2.30627939, -4.30367557,  3.17629671,  7.28060219,  6.51621666,         0.88002977,  4.26098682, -5.57418433,  2.2807612 ,  9.67747082,        -4.37290919,  5.96386732, -4.98507316,  5.32460758, -2.66009384,         6.10861656, -0.34501095,  4.84149367,  4.23310086, -6.33818474,        -4.94509182, -6.13945406, -9.35694847]]), array([2016.90301346,  726.26786336,  659.61452528,  845.6296345 ,       2035.75979205,  944.14524227,  978.68451236, 2932.50761783,        813.7032066 ,  763.43682605, 1241.86864782,  818.11870069,        700.26439437,  616.28518821, 2891.58425164,  588.71823223,        670.24661628, 1173.41320174, 1108.84383094, 7584.59676861])), 'net': {'saver_path': './M-LOOP_archives/neural_net_archive_2020-01-29_13-37_E1_EWPp1.ckpt'}}
net_1={'last_hyperfit': 0, 'last_net_reg': 1e-08, 'losses_list': [], 'scaler_samples': None, 'net': {'saver_path': './M-LOOP_archives/neural_net_archive_2020-01-29_13-37_Jo1-sVeV.ckpt'}}
net_2={'last_hyperfit': 0, 'last_net_reg': 1e-08, 'losses_list': [], 'scaler_samples': None, 'net': {'saver_path': './M-LOOP_archives/neural_net_archive_2020-01-29_13-37_KlhbxhWs.ckpt'}}
