archive_type='neural_net_learner'
num_params=48
min_boundary=array([-5., -5., -5., -5., -5., -5., -5., -5., -5., -5., -5., -5., -5.,       -5., -5., -5., -5., -5., -5., -5., -5., -5., -5., -5., -5., -5.,       -5., -5., -5., -5., -5., -5., -5., -5., -5., -5., -5., -5., -5.,       -5., -5., -5., -5., -5., -5., -5., -5., -5.])
max_boundary=array([5., 5., 5., 5., 5., 5., 5., 5., 5., 5., 5., 5., 5., 5., 5., 5., 5.,       5., 5., 5., 5., 5., 5., 5., 5., 5., 5., 5., 5., 5., 5., 5., 5., 5.,       5., 5., 5., 5., 5., 5., 5., 5., 5., 5., 5., 5., 5., 5.])
start_datetime='2020-01-30_10-30'
bad_run_indexs=[[], [], [], [], [], [], [], [], []]
generation_num=3
search_precision=1e-06
parameter_searches=48
hyperparameter_searches=48
bad_uncer_frac=0.1
trust_region=array([0.1, 0.1, 0.1, 0.1, 0.1, 0.1, 0.1, 0.1, 0.1, 0.1, 0.1, 0.1, 0.1,       0.1, 0.1, 0.1, 0.1, 0.1, 0.1, 0.1, 0.1, 0.1, 0.1, 0.1, 0.1, 0.1,       0.1, 0.1, 0.1, 0.1, 0.1, 0.1, 0.1, 0.1, 0.1, 0.1, 0.1, 0.1, 0.1,       0.1, 0.1, 0.1, 0.1, 0.1, 0.1, 0.1, 0.1, 0.1])
has_trust_region=True
predict_global_minima_at_end=True
predicted_best_parameters=array([ 3.32242787,  5.        , -5.        ,  5.        ,  5.        ,        5.        ,  5.        ,  5.        , -5.        ,  5.        ,       -5.        , -5.        , -5.        ,  5.        ,  2.00259922,       -5.        ,  5.        , -5.        ,  5.        , -1.55511708,       -5.        , -5.        , -3.83567906, -3.85409372, -5.        ,       -3.58277031, -2.65359636,  5.        , -5.        ,  5.        ,        5.        ,  5.        ,  5.        , -5.        ,  1.86430274,       -5.        ,  5.        , -5.        , -5.        , -5.        ,       -4.36627343, -5.        , -5.        ,  5.        , -5.        ,       -5.        , -5.        ,  2.56357685])
predicted_best_scaled_cost=-20.128909615934514
predicted_best_cost=-20.128909615934514
all_params=array([[-4.40972216e+00, -2.25037107e+00,  1.38977902e+00,        -3.84115278e-01, -1.49717646e+00,  5.00977263e-01,         1.47298364e+00, -1.25325318e+00,  5.95927654e-01,         4.34215358e-02, -3.47300023e-01, -1.79695629e+00,        -1.86546312e-01,  8.27007625e-01,  2.10062685e+00,        -2.06711385e+00, -7.60447193e-01, -1.52518923e+00,        -2.53306099e+00, -1.33372576e+00, -2.68035095e+00,        -2.93966436e+00,  2.03778210e+00, -7.93605870e-01,        -9.06087823e-01,  6.83219944e-02,  9.25864356e-01,         7.61444571e-01,  5.72844403e-01, -2.96328367e+00,        -1.28272927e+00, -1.99676491e+00, -1.82973880e+00,        -1.15276449e+00, -1.53459274e+00, -5.70984449e-01,        -1.03144725e+00, -1.93666272e+00,  1.13621133e+00,         1.28208539e+00, -3.73025551e+00, -1.40813215e-01,        -8.49350036e-01, -7.50985224e-01,  2.35715938e+00,         3.36219189e-01, -6.59183338e-01,  2.16450207e+00],       [-4.48371645e+00, -2.34649768e+00,  1.42554613e+00,        -4.41789655e-01, -1.54406712e+00,  4.99291895e-01,         1.38365615e+00, -1.23842965e+00,  5.25273369e-01,         6.12826432e-02, -3.07348351e-01, -1.87648941e+00,        -2.03735114e-01,  8.65887657e-01,  2.08346270e+00,        -2.15712316e+00, -7.53267912e-01, -1.49243030e+00,        -2.53008317e+00, -1.24480681e+00, -2.66303994e+00,        -2.85898398e+00,  1.96527704e+00, -8.65750601e-01,        -8.44609565e-01,  4.78573618e-02,  8.58935195e-01,         8.46946287e-01,  5.42397575e-01, -2.91312125e+00,        -1.23752968e+00, -1.92010369e+00, -1.80500436e+00,        -1.10257600e+00, -1.56481307e+00, -6.16998871e-01,        -9.52270010e-01, -1.95104448e+00,  1.22917934e+00,         1.31477369e+00, -3.70591637e+00, -2.17864020e-01,        -7.59452184e-01, -7.61002798e-01,  2.37283730e+00,         3.17846549e-01, -7.11777942e-01,  2.24517798e+00],       [-4.39498626e+00, -2.34979701e+00,  1.41320801e+00,        -4.18786297e-01, -1.49176484e+00,  5.78165683e-01,         1.44443759e+00, -1.17154615e+00,  6.20599677e-01,        -5.34142156e-02, -2.61412576e-01, -1.75877691e+00,        -8.70817418e-02,  7.61475727e-01,  2.02805400e+00,        -1.98059475e+00, -7.21083561e-01, -1.61198920e+00,        -2.48196838e+00, -1.28295052e+00, -2.59574604e+00,        -2.89735941e+00,  1.96263629e+00, -8.89629843e-01,        -1.00084563e+00, -2.60167080e-02,  8.75106569e-01,         8.33450161e-01,  5.80610616e-01, -2.95271928e+00,        -1.21432310e+00, -2.07193025e+00, -1.87390206e+00,        -1.13561264e+00, -1.44067359e+00, -5.58778405e-01,        -1.12771780e+00, -1.87653618e+00,  1.08280618e+00,         1.34350643e+00, -3.75268338e+00, -6.81048441e-02,        -7.99925707e-01, -7.39737177e-01,  2.28445042e+00,         2.48202727e-01, -7.34914647e-01,  2.07341245e+00],       [-4.48822334e+00, -2.30522921e+00,  1.43237682e+00,        -3.72171881e-01, -1.59466526e+00,  4.15372119e-01,         1.56643890e+00, -1.23963308e+00,  5.36586301e-01,        -6.11331525e-03, -2.98534852e-01, -1.85787040e+00,        -1.70274526e-01,  9.21011623e-01,  2.16999261e+00,        -2.11914430e+00, -7.61693250e-01, -1.50119809e+00,        -2.46726481e+00, -1.40236748e+00, -2.77663571e+00,        -3.02565993e+00,  2.03505112e+00, -7.72339978e-01,        -8.92317536e-01,  3.17944762e-02,  1.02358759e+00,         7.77393615e-01,  5.48872638e-01, -2.95309403e+00,        -1.23366239e+00, -1.96291833e+00, -1.87675489e+00,        -1.23949752e+00, -1.56057590e+00, -5.45040948e-01,        -1.08941245e+00, -1.88611161e+00,  1.04951862e+00,         1.23414841e+00, -3.66930460e+00, -2.02126358e-01,        -8.21457860e-01, -7.46051162e-01,  2.44212097e+00,         2.88878543e-01, -7.45991120e-01,  2.21151527e+00],       [-4.35528656e+00, -2.16880790e+00,  1.47617344e+00,        -4.81324963e-01, -1.55030404e+00,  5.24332934e-01,         1.56278690e+00, -1.16321795e+00,  6.07258292e-01,         1.26542806e-01, -3.18986781e-01, -1.81895475e+00,        -1.89348178e-01,  8.47869722e-01,  2.11053643e+00,        -1.98187756e+00, -6.76700506e-01, -1.54621411e+00,        -2.44040848e+00, -1.39893462e+00, -2.75508505e+00,        -3.01264853e+00,  2.03891453e+00, -8.89300909e-01,        -8.16493781e-01,  1.33745089e-01,  8.28868152e-01,         6.96683822e-01,  5.39257118e-01, -3.03708430e+00,        -1.22083114e+00, -2.02781758e+00, -1.74171730e+00,        -1.13636165e+00, -1.45882634e+00, -5.02037560e-01,        -9.50368790e-01, -1.94468666e+00,  1.14548069e+00,         1.34180611e+00, -3.77311174e+00, -1.42762510e-01,        -8.29527974e-01, -8.47878569e-01,  2.37585566e+00,         3.22954458e-01, -5.97711232e-01,  2.12755103e+00],       [-4.27670881e+00, -2.15323646e+00,  1.41297548e+00,        -4.23739116e-01, -1.52789780e+00,  4.35114789e-01,         1.54682564e+00, -1.12740418e+00,  6.90978647e-01,         2.66232108e-02, -2.23634952e-01, -1.84363869e+00,        -9.45914708e-02,  8.68812942e-01,  2.17630559e+00,        -1.96693526e+00, -6.51085266e-01, -1.58909885e+00,        -2.42304181e+00, -1.34893027e+00, -2.68342228e+00,        -2.96163209e+00,  2.07852598e+00, -8.16405023e-01,        -8.51957581e-01,  1.67902847e-01,  8.19042939e-01,         6.73104372e-01,  5.21419388e-01, -3.05678839e+00,        -1.25735435e+00, -2.00343371e+00, -1.75566785e+00,        -1.04160124e+00, -1.42326616e+00, -5.62323582e-01,        -9.65028588e-01, -1.97601742e+00,  1.20500845e+00,         1.41780577e+00, -3.69234335e+00, -1.10218548e-01,        -8.75486322e-01, -8.97405229e-01,  2.44683525e+00,         3.28497388e-01, -5.37279015e-01,  2.14204874e+00],       [-4.30865805e+00, -2.16500558e+00,  1.53035022e+00,        -4.67553365e-01, -1.55716206e+00,  4.92870716e-01,         1.47642877e+00, -1.18763312e+00,  5.23183507e-01,         2.23106229e-01, -3.82664211e-01, -1.75658301e+00,        -1.14355849e-01,  8.85552372e-01,  2.12443531e+00,        -2.04968327e+00, -6.83324502e-01, -1.57717970e+00,        -2.49540049e+00, -1.38043225e+00, -2.79263108e+00,        -2.92938742e+00,  2.12084164e+00, -9.37877250e-01,        -8.94315521e-01,  7.23376350e-02,  8.28784986e-01,         7.42400956e-01,  4.80896006e-01, -3.08747759e+00,        -1.15049676e+00, -2.04464784e+00, -1.71838029e+00,        -1.18962843e+00, -1.53843289e+00, -4.98866156e-01,        -9.54940593e-01, -2.01415233e+00,  1.16984194e+00,         1.35060813e+00, -3.74228427e+00, -2.13853402e-01,        -7.79222411e-01, -9.03468741e-01,  2.37972602e+00,         3.80013664e-01, -6.93245146e-01,  2.09242352e+00],       [-4.28070208e+00, -2.09986598e+00,  1.48386155e+00,        -4.08003308e-01, -1.46034284e+00,  5.89614334e-01,         1.63360999e+00, -1.24346927e+00,  6.37519158e-01,         1.67246203e-01, -2.96938619e-01, -1.75903170e+00,        -2.82433934e-01,  9.01917469e-01,  2.15688215e+00,        -2.02993788e+00, -7.25286646e-01, -1.51975345e+00,        -2.47134899e+00, -1.33961689e+00, -2.76585580e+00,        -2.95609864e+00,  2.13700889e+00, -9.29251241e-01,        -8.87892615e-01,  2.14006776e-01,  8.37180028e-01,         7.91631896e-01,  5.66577998e-01, -2.93830170e+00,        -1.21161698e+00, -2.02253239e+00, -1.81463172e+00,        -1.16522062e+00, -1.55358263e+00, -5.69958524e-01,        -9.01241351e-01, -2.03860673e+00,  1.11878931e+00,         1.41427536e+00, -3.73457620e+00, -1.04574082e-01,        -8.91800614e-01, -8.59497713e-01,  2.39217114e+00,         4.20904800e-01, -6.56929987e-01,  2.07709761e+00],       [-4.40285194e+00, -2.11877342e+00,  1.46756850e+00,        -5.69939075e-01, -1.54860079e+00,  4.66724967e-01,         1.62250775e+00, -1.20375168e+00,  5.12779494e-01,         1.45229296e-01, -2.50218696e-01, -1.84275152e+00,        -1.39376516e-01,  8.50098017e-01,  2.11872679e+00,        -1.88999070e+00, -6.15908328e-01, -1.63974950e+00,        -2.39853103e+00, -1.40593433e+00, -2.66557526e+00,        -3.06836198e+00,  1.99232894e+00, -9.73006116e-01,        -8.30770015e-01,  5.55488414e-02,  8.55625504e-01,         7.57276469e-01,  5.78617217e-01, -2.98384203e+00,        -1.25234031e+00, -1.95864728e+00, -1.75596355e+00,        -1.07155968e+00, -1.43352711e+00, -5.73352950e-01,        -1.03469141e+00, -2.04102014e+00,  1.05882569e+00,         1.33352287e+00, -3.85044336e+00, -2.37205841e-01,        -7.78555678e-01, -8.68908473e-01,  2.42524336e+00,         3.13435424e-01, -6.07693883e-01,  2.12316553e+00],       [-4.36048577e+00, -2.10817523e+00,  1.45665194e+00,        -4.00387731e-01, -1.64289183e+00,  5.79107803e-01,         1.48791518e+00, -1.13951524e+00,  5.09331144e-01,         1.34268262e-01, -4.18383190e-01, -1.72871599e+00,        -1.08267772e-01,  9.07063110e-01,  2.19359129e+00,        -2.05276592e+00, -7.45154492e-01, -1.60868778e+00,        -2.41590930e+00, -1.31777272e+00, -2.65709401e+00,        -2.97042404e+00,  2.08527462e+00, -8.07442268e-01,        -8.36319034e-01,  8.37152247e-02,  7.63554186e-01,         6.20575232e-01,  6.01779236e-01, -3.10772583e+00,        -1.26797164e+00, -1.96399974e+00, -1.77959985e+00,        -1.03987816e+00, -1.50549860e+00, -4.95306891e-01,        -9.87475388e-01, -1.86253210e+00,  1.11879202e+00,         1.32852457e+00, -3.77065320e+00, -5.49852150e-02,        -9.23338173e-01, -8.04502836e-01,  2.45405945e+00,         2.28411903e-01, -5.93300983e-01,  2.09274900e+00],       [-4.28338869e+00, -2.15710459e+00,  1.51421901e+00,        -4.90754263e-01, -1.52464223e+00,  4.82352304e-01,         1.46465662e+00, -1.14786676e+00,  5.69547135e-01,         1.29996325e-01, -2.35705611e-01, -1.83365979e+00,        -2.39868971e-01,  8.22128474e-01,  2.19690865e+00,        -1.89450389e+00, -6.07834516e-01, -1.46217281e+00,        -2.49482842e+00, -1.48143818e+00, -2.80962310e+00,        -3.04977320e+00,  1.97386771e+00, -8.67882077e-01,        -8.33776498e-01,  1.97015391e-01,  7.65894232e-01,         7.37059128e-01,  4.87328243e-01, -3.02224049e+00,        -1.25103362e+00, -2.11642470e+00, -1.79595457e+00,        -1.10354114e+00, -1.45937632e+00, -4.98234363e-01,        -1.01542476e+00, -1.93054349e+00,  1.24483138e+00,         1.40517313e+00, -3.75423722e+00, -4.75646968e-02,        -7.49215458e-01, -8.28756982e-01,  2.28234093e+00,         2.41669878e-01, -6.84636889e-01,  2.11789766e+00],       [-4.38019959e+00, -2.07373790e+00,  1.40977009e+00,        -3.86767445e-01, -1.49680906e+00,  5.89180502e-01,         1.58931006e+00, -1.12947140e+00,  6.02634758e-01,         2.91700772e-02, -3.48385564e-01, -1.82054039e+00,        -1.43329936e-01,  8.41595390e-01,  2.10201741e+00,        -2.05434501e+00, -7.74522759e-01, -1.49455846e+00,        -2.47641791e+00, -1.30205793e+00, -2.81103820e+00,        -3.04490692e+00,  2.04369376e+00, -8.38322618e-01,        -8.23722224e-01,  5.87095972e-02,  7.91368428e-01,         6.97587656e-01,  5.74026920e-01, -2.98305431e+00,        -1.29476398e+00, -2.12323455e+00, -1.73790084e+00,        -1.07436391e+00, -1.55630559e+00, -4.67543591e-01,        -9.13007145e-01, -1.95483731e+00,  1.22843843e+00,         1.37067832e+00, -3.87206377e+00, -1.45876821e-01,        -7.57664413e-01, -7.81798655e-01,  2.40568650e+00,         3.57694143e-01, -5.82011316e-01,  2.08237499e+00],       [-4.34318056e+00, -2.13446195e+00,  1.44665936e+00,        -4.10159290e-01, -1.61129654e+00,  5.73797096e-01,         1.52070745e+00, -1.10845809e+00,  5.92805758e-01,         1.88082488e-01, -3.48279809e-01, -1.87621610e+00,        -1.35891277e-01,  8.09598111e-01,  2.15718544e+00,        -1.93298293e+00, -7.32421166e-01, -1.60339168e+00,        -2.50061890e+00, -1.47043096e+00, -2.77966853e+00,        -3.10732295e+00,  1.96109861e+00, -8.54388104e-01,        -7.56538473e-01,  4.98509940e-02,  7.75208614e-01,         6.38208954e-01,  6.22723831e-01, -2.99482140e+00,        -1.21005421e+00, -2.06691398e+00, -1.67474649e+00,        -1.14930046e+00, -1.37413510e+00, -4.60827199e-01,        -9.54762528e-01, -2.01944464e+00,  1.24068940e+00,         1.27377284e+00, -3.83259132e+00, -1.56526159e-01,        -8.48687593e-01, -9.18528273e-01,  2.42171944e+00,         2.60703472e-01, -5.68932103e-01,  2.17841222e+00],       [-4.41314008e+00, -2.14861705e+00,  1.52595911e+00,        -4.53681221e-01, -1.53087858e+00,  4.83429391e-01,         1.60910819e+00, -1.07415626e+00,  5.92370570e-01,         1.82979169e-01, -4.07758573e-01, -1.75190043e+00,        -2.50898175e-01,  8.26889096e-01,  2.07055264e+00,        -2.06585683e+00, -5.95774305e-01, -1.57218327e+00,        -2.43426899e+00, -1.40011137e+00, -2.82865282e+00,        -3.07135772e+00,  1.95415230e+00, -8.87716569e-01,        -8.64183870e-01,  1.05157410e-01,  7.50481218e-01,         7.54194190e-01,  4.60573893e-01, -2.93994254e+00,        -1.28539890e+00, -2.01333656e+00, -1.83274823e+00,        -1.07893840e+00, -1.52090515e+00, -4.96456764e-01,        -9.02353281e-01, -2.01470037e+00,  1.15569813e+00,         1.28512955e+00, -3.72127253e+00, -9.81794717e-02,        -8.94218168e-01, -7.75485258e-01,  2.27981068e+00,         3.95001858e-01, -5.85930470e-01,  2.10819513e+00],       [-4.30353717e+00, -2.12542210e+00,  1.57363867e+00,        -5.25707953e-01, -1.64954530e+00,  6.11113456e-01,         1.63436632e+00, -1.11744778e+00,  6.10596048e-01,         1.67934055e-01, -2.62880870e-01, -1.84397956e+00,        -1.35283673e-01,  8.97994586e-01,  2.13317867e+00,        -2.00150438e+00, -6.37238902e-01, -1.64559154e+00,        -2.38542915e+00, -1.31965130e+00, -2.80722190e+00,        -3.08849509e+00,  1.98297133e+00, -9.28881563e-01,        -7.39888079e-01,  1.42378375e-01,  7.86210482e-01,         6.24354760e-01,  4.97286011e-01, -3.01431009e+00,        -1.25600343e+00, -2.03634554e+00, -1.75289388e+00,        -1.07073458e+00, -1.47355671e+00, -5.32897796e-01,        -9.15374469e-01, -2.00039025e+00,  1.13892986e+00,         1.30475924e+00, -3.74774062e+00, -6.72904155e-02,        -8.39990174e-01, -7.90987085e-01,  2.36724880e+00,         3.54200325e-01, -6.71343037e-01,  2.11414733e+00],       [-4.27342416e+00, -2.14771210e+00,  1.52952835e+00,        -4.80384842e-01, -1.55069291e+00,  5.92912902e-01,         1.47634829e+00, -1.14856350e+00,  6.95810807e-01,         1.30114815e-01, -3.80093620e-01, -1.74936687e+00,        -2.39020350e-01,  8.88014929e-01,  2.11858862e+00,        -1.89211030e+00, -6.51833166e-01, -1.47861852e+00,        -2.53882191e+00, -1.30106661e+00, -2.83954213e+00,        -3.04822262e+00,  2.12814501e+00, -9.87513089e-01,        -7.51947780e-01,  2.05987416e-01,  8.16834315e-01,         6.47832861e-01,  5.99795022e-01, -3.04151190e+00,        -1.29396341e+00, -1.94224778e+00, -1.66252331e+00,        -1.13805262e+00, -1.38748584e+00, -5.18321955e-01,        -9.13675810e-01, -1.96508854e+00,  1.14662909e+00,         1.27971645e+00, -3.68011396e+00, -1.83919373e-01,        -9.08836063e-01, -9.19015489e-01,  2.27867412e+00,         3.66143598e-01, -5.84811568e-01,  2.18646670e+00],       [-4.27200817e+00, -2.08934789e+00,  1.56868120e+00,        -4.24815146e-01, -1.56939634e+00,  6.22467029e-01,         1.41230715e+00, -1.18419950e+00,  6.30331731e-01,         1.11842260e-01, -4.31809870e-01, -1.76798247e+00,        -1.43975882e-01,  8.52078794e-01,  2.21508681e+00,        -1.86484908e+00, -6.76814962e-01, -1.40712162e+00,        -2.51490456e+00, -1.35066000e+00, -2.78097100e+00,        -3.06163492e+00,  2.09964725e+00, -1.02145770e+00,        -7.12474005e-01,  1.59717441e-01,  8.78489918e-01,         6.06890620e-01,  6.08619299e-01, -3.04392761e+00,        -1.22289213e+00, -1.86457049e+00, -1.72564642e+00,        -1.12098293e+00, -1.30784483e+00, -5.29098511e-01,        -8.29302149e-01, -2.00929036e+00,  1.16839533e+00,         1.31620719e+00, -3.73447281e+00, -2.81165870e-01,        -9.25491271e-01, -8.31319111e-01,  2.24727974e+00,         4.22092457e-01, -6.49864305e-01,  2.15485727e+00],       [-4.34450461e+00, -2.10435794e+00,  1.56938988e+00,        -4.42685378e-01, -1.60001371e+00,  6.31384926e-01,         1.42180780e+00, -1.16363367e+00,  6.70195231e-01,         1.01176398e-01, -4.68562658e-01, -1.72303754e+00,        -1.97557029e-01,  9.10732668e-01,  2.14825117e+00,        -1.95812216e+00, -7.21943806e-01, -1.47578351e+00,        -2.46375536e+00, -1.36427592e+00, -2.84697431e+00,        -3.06243616e+00,  2.12760285e+00, -1.05521093e+00,        -7.83459651e-01,  1.58363497e-01,  8.85739703e-01,         7.07899310e-01,  5.85122854e-01, -3.02010881e+00,        -1.36487029e+00, -1.94032512e+00, -1.70313389e+00,        -1.06612243e+00, -1.35316616e+00, -4.91627152e-01,        -9.88725550e-01, -1.97097096e+00,  1.24394365e+00,         1.36937628e+00, -3.65109683e+00, -2.53574399e-01,        -8.81010693e-01, -9.05883067e-01,  2.27240729e+00,         3.51751092e-01, -5.64957617e-01,  2.25646068e+00],       [-4.22319995e+00, -2.13183999e+00,  1.61446919e+00,        -5.67436845e-01, -1.45242361e+00,  5.03511811e-01,         1.41624740e+00, -1.16401297e+00,  6.17312582e-01,         1.54848898e-01, -4.70495107e-01, -1.79244209e+00,        -3.26813014e-01,  9.28718795e-01,  2.15227985e+00,        -1.91639419e+00, -7.14194314e-01, -1.42921755e+00,        -2.57074605e+00, -1.24200638e+00, -2.84196194e+00,        -3.04308874e+00,  2.03384318e+00, -9.58666685e-01,        -7.81816479e-01,  1.51828422e-01,  8.03610990e-01,         6.24326352e-01,  5.93752830e-01, -2.94561523e+00,        -1.32108780e+00, -1.88736575e+00, -1.65196979e+00,        -1.06022641e+00, -1.41649527e+00, -5.69218219e-01,        -8.31471962e-01, -2.05638168e+00,  1.23677978e+00,         1.29099783e+00, -3.70484131e+00, -8.49089083e-02,        -9.97163534e-01, -9.15674217e-01,  2.18489353e+00,         3.80378746e-01, -6.48717866e-01,  2.21265854e+00],       [-4.12701522e+00, -2.05685948e+00,  1.60483644e+00,        -5.25744671e-01, -1.39692986e+00,  5.02480428e-01,         1.42195409e+00, -1.23385609e+00,  5.91192567e-01,         8.32931482e-02, -4.25116356e-01, -1.79703949e+00,        -3.37037246e-01,  1.00591839e+00,  2.15780361e+00,        -1.93457602e+00, -7.60415909e-01, -1.51481514e+00,        -2.58711882e+00, -1.33685568e+00, -2.88373116e+00,        -3.04238683e+00,  2.12702980e+00, -1.03679010e+00,        -7.47208268e-01,  1.51814896e-01,  8.59030636e-01,         5.53047752e-01,  5.10393357e-01, -2.96577151e+00,        -1.26169535e+00, -1.94903061e+00, -1.59841435e+00,        -1.10216681e+00, -1.47311697e+00, -6.65875101e-01,        -8.51740150e-01, -2.08016538e+00,  1.26864877e+00,         1.20518151e+00, -3.77432052e+00, -1.81593732e-01,        -1.07440426e+00, -8.85316362e-01,  2.16542490e+00,         3.44584009e-01, -6.37135467e-01,  2.31135064e+00],       [-4.15630265e+00, -2.09191536e+00,  1.69812091e+00,        -6.59491104e-01, -1.53835692e+00,  4.98313069e-01,         1.38608088e+00, -1.07656255e+00,  6.15225574e-01,         1.62778720e-01, -3.91443034e-01, -1.80311508e+00,        -2.51406136e-01,  8.79435145e-01,  2.10704179e+00,        -1.95072191e+00, -7.04681459e-01, -1.48519182e+00,        -2.53646021e+00, -1.31344772e+00, -2.92314189e+00,        -2.96905039e+00,  1.98121692e+00, -9.81465882e-01,        -7.67508061e-01,  1.56988816e-01,  7.18815766e-01,         6.99151539e-01,  6.83979954e-01, -2.88311377e+00,        -1.36432743e+00, -1.88179640e+00, -1.68408644e+00,        -1.04929294e+00, -1.32161458e+00, -6.06877635e-01,        -7.97712641e-01, -2.09118824e+00,  1.29167523e+00,         1.25615982e+00, -3.62687584e+00, -3.45673641e-02,        -9.44637115e-01, -9.21778411e-01,  2.12704643e+00,         2.88673762e-01, -6.84352106e-01,  2.12008108e+00],       [-4.32319995e+00, -2.23183999e+00,  1.51446919e+00,        -6.67436845e-01, -1.35242361e+00,  5.45569275e-01,         1.31624740e+00, -1.23937130e+00,  5.17312582e-01,         5.48488976e-02, -4.14276551e-01, -1.89244209e+00,        -2.87954739e-01,  1.02871880e+00,  2.06749259e+00,        -1.95171511e+00, -8.14194314e-01, -1.32921755e+00,        -2.47074605e+00, -1.34200638e+00, -2.94196194e+00,        -3.10952626e+00,  2.13384318e+00, -8.58666685e-01,        -6.81816479e-01,  5.18284217e-02,  7.03610990e-01,         5.55196282e-01,  6.93752830e-01, -3.04561523e+00,        -1.22108780e+00, -1.98736575e+00, -1.55196979e+00,        -9.60226406e-01, -1.51649527e+00, -6.69218219e-01,        -9.31471962e-01, -1.95638168e+00,  1.13677978e+00,         1.19099783e+00, -3.60484131e+00,  1.50910917e-02,        -1.08711885e+00, -8.31878709e-01,  2.28489353e+00,         2.80378746e-01, -5.48717866e-01,  2.11265854e+00],       [-4.28951812e+00, -2.12002516e+00,  1.71446919e+00,        -6.67436845e-01, -1.44009103e+00,  4.79301508e-01,         1.31624740e+00, -1.06401297e+00,  7.17312582e-01,         2.02954390e-01, -4.62155586e-01, -1.89244209e+00,        -3.13068361e-01,  8.43265783e-01,  2.25227985e+00,        -1.81639419e+00, -7.34354100e-01, -1.52921755e+00,        -2.47074605e+00, -1.14200638e+00, -2.74196194e+00,        -3.14308874e+00,  2.13384318e+00, -1.05866668e+00,        -8.81816479e-01,  5.18284217e-02,  7.03610990e-01,         7.24326352e-01,  6.93752830e-01, -3.04561523e+00,        -1.22108780e+00, -1.95824599e+00, -1.75196979e+00,        -1.16022641e+00, -1.36170073e+00, -6.69218219e-01,        -7.31471962e-01, -2.15638168e+00,  1.13677978e+00,         1.19099783e+00, -3.60484131e+00, -1.84908908e-01,        -9.17290816e-01, -1.01567422e+00,  2.08489353e+00,         4.80378746e-01, -5.48717866e-01,  2.31265854e+00],       [-4.30492785e+00, -2.03183999e+00,  1.51446919e+00,        -6.67436845e-01, -1.55242361e+00,  6.03511811e-01,         1.31624740e+00, -1.26401297e+00,  7.17312582e-01,         5.48488976e-02, -3.70495107e-01, -1.89244209e+00,        -2.26813014e-01,  9.87553652e-01,  2.10991664e+00,        -1.81639419e+00, -6.65023759e-01, -1.52921755e+00,        -2.47074605e+00, -1.34200638e+00, -2.94196194e+00,        -2.94308874e+00,  1.93384318e+00, -8.58666685e-01,        -6.81816479e-01,  2.51828422e-01,  7.52775457e-01,         7.24326352e-01,  6.92288984e-01, -3.04561523e+00,        -1.22108780e+00, -1.78736575e+00, -1.74645801e+00,        -1.16022641e+00, -1.51649527e+00, -4.85721885e-01,        -7.31471962e-01, -1.95638168e+00,  1.33677978e+00,         1.31821609e+00, -3.80484131e+00,  1.42685643e-02,        -8.97163534e-01, -8.15674217e-01,  2.08489353e+00,         3.46702914e-01, -5.48717866e-01,  2.31265854e+00],       [-4.18442887e+00, -2.09776999e+00,  1.60056355e+00,        -5.13879049e-01, -1.44522191e+00,  4.11483796e-01,         1.34320602e+00, -1.22532969e+00,  5.84445342e-01,         6.53114869e-02, -4.49471751e-01, -1.79002989e+00,        -3.03320811e-01,  9.15189914e-01,  2.22181995e+00,        -1.92558237e+00, -8.11113610e-01, -1.35460392e+00,        -2.53950574e+00, -1.17740577e+00, -2.75160681e+00,        -3.13290626e+00,  1.98085756e+00, -1.04599800e+00,        -7.97484902e-01,  2.24594251e-01,  7.19935787e-01,         6.18948743e-01,  5.18861452e-01, -2.89103811e+00,        -1.25280337e+00, -1.97870757e+00, -1.65468164e+00,        -1.11234420e+00, -1.32600051e+00, -4.80439693e-01,        -8.08685162e-01, -1.96168420e+00,  1.20575205e+00,         1.37056797e+00, -3.71792232e+00, -1.37745981e-01,        -9.08997941e-01, -8.78830607e-01,  2.09787585e+00,         4.54463718e-01, -6.08441807e-01,  2.23364392e+00],       [-4.12319995e+00, -2.23183999e+00,  1.71446919e+00,        -6.67436845e-01, -1.55242361e+00,  5.45598987e-01,         1.31624740e+00, -1.26401297e+00,  7.17312582e-01,         5.48488976e-02, -4.19481924e-01, -1.69244209e+00,        -2.26813014e-01,  1.01272788e+00,  2.22500107e+00,        -2.01639419e+00, -8.14194314e-01, -1.32921755e+00,        -2.47074605e+00, -1.14200638e+00, -2.74196194e+00,        -3.14308874e+00,  2.13384318e+00, -8.58666685e-01,        -6.81816479e-01,  5.18284217e-02,  7.03610990e-01,         7.24326352e-01,  6.93752830e-01, -3.04561523e+00,        -1.31528135e+00, -1.98736575e+00, -1.75196979e+00,        -1.12683649e+00, -1.51649527e+00, -6.69218219e-01,        -7.31471962e-01, -2.15638168e+00,  1.13677978e+00,         1.19099783e+00, -3.71917911e+00, -1.84908908e-01,        -1.07263519e+00, -1.01567422e+00,  2.08489353e+00,         2.80378746e-01, -5.93637052e-01,  2.12756689e+00],       [-4.32319995e+00, -2.03183999e+00,  1.71446919e+00,        -6.67436845e-01, -1.55242361e+00,  5.83601209e-01,         1.48670397e+00, -1.17604510e+00,  5.17312582e-01,         5.48488976e-02, -5.70495107e-01, -1.89244209e+00,        -4.25705128e-01,  8.28718795e-01,  2.21327078e+00,        -2.01639419e+00, -8.14194314e-01, -1.52396320e+00,        -2.47074605e+00, -1.26763321e+00, -2.84872695e+00,        -3.14308874e+00,  2.13384318e+00, -1.01993734e+00,        -6.81816479e-01,  5.18284217e-02,  7.03610990e-01,         5.24326352e-01,  5.15556051e-01, -2.95915580e+00,        -1.40223786e+00, -1.78736575e+00, -1.75196979e+00,        -9.60226406e-01, -1.51649527e+00, -6.69218219e-01,        -9.31471962e-01, -2.01816532e+00,  1.15834475e+00,         1.29900855e+00, -3.60484131e+00,  1.50910917e-02,        -1.02684838e+00, -9.62504698e-01,  2.08489353e+00,         4.56131496e-01, -5.48717866e-01,  2.31265854e+00],       [-4.32319995e+00, -2.03183999e+00,  1.71446919e+00,        -4.96353415e-01, -1.42234063e+00,  4.58196209e-01,         1.31624740e+00, -1.06401297e+00,  7.17312582e-01,         5.48488976e-02, -5.26468266e-01, -1.80504107e+00,        -2.26813014e-01,  8.28718795e-01,  2.25227985e+00,        -2.01639419e+00, -8.04656332e-01, -1.52921755e+00,        -2.47664054e+00, -1.34200638e+00, -2.74196194e+00,        -3.14308874e+00,  1.93384318e+00, -1.05866668e+00,        -6.81816479e-01,  5.18284217e-02,  7.03610990e-01,         6.06278149e-01,  6.22361382e-01, -2.90633626e+00,        -1.22108780e+00, -1.78736575e+00, -1.68864671e+00,        -9.60226406e-01, -1.46020471e+00, -6.69218219e-01,        -9.01363862e-01, -1.95638168e+00,  1.26370504e+00,         1.30107100e+00, -3.80484131e+00, -1.84908908e-01,        -1.09716353e+00, -1.01567422e+00,  2.28489353e+00,         4.80378746e-01, -7.48717866e-01,  2.22210792e+00],       [-4.17672497e+00, -2.18115219e+00,  1.63456698e+00,        -5.04513009e-01, -1.54160088e+00,  4.29613945e-01,         1.48473656e+00, -1.14034379e+00,  6.23570144e-01,         1.04507043e-01, -5.11479392e-01, -1.71790486e+00,        -3.42479827e-01,  8.41604846e-01,  2.23167687e+00,        -1.97571802e+00, -6.48948806e-01, -1.35286343e+00,        -2.57339590e+00, -1.22231344e+00, -2.83650845e+00,        -3.01812448e+00,  2.10485153e+00, -1.00223879e+00,        -7.05065378e-01,  1.65366488e-01,  7.26631598e-01,         5.69726585e-01,  6.12949307e-01, -2.99772599e+00,        -1.39480467e+00, -1.95499621e+00, -1.58299528e+00,        -1.03978967e+00, -1.32378185e+00, -6.00082376e-01,        -8.12346942e-01, -2.03658463e+00,  1.25992064e+00,         1.20283327e+00, -3.65477788e+00,  4.73299131e-03,        -9.90227723e-01, -9.77163013e-01,  2.23547872e+00,         2.81842540e-01, -6.83066645e-01,  2.29617981e+00],       [-4.12319995e+00, -2.23183999e+00,  1.51446919e+00,        -6.40386431e-01, -1.55242361e+00,  4.83855272e-01,         1.51624740e+00, -1.06401297e+00,  5.17312582e-01,         5.48488976e-02, -3.70495107e-01, -1.89244209e+00,        -4.26813014e-01,  8.28718795e-01,  2.22797204e+00,        -1.81639419e+00, -6.14194314e-01, -1.52921755e+00,        -2.67074605e+00, -1.14200638e+00, -2.74196194e+00,        -3.04821214e+00,  2.13384318e+00, -8.58666685e-01,        -6.81816479e-01,  5.18284217e-02,  9.03610990e-01,         6.26029560e-01,  4.93752830e-01, -2.84561523e+00,        -1.42108780e+00, -1.78736575e+00, -1.55196979e+00,        -1.16022641e+00, -1.40593282e+00, -4.79944259e-01,        -9.31471962e-01, -1.95638168e+00,  1.33677978e+00,         1.39099783e+00, -3.60484131e+00,  1.50910917e-02,        -1.09716353e+00, -8.15674217e-01,  2.15559222e+00,         4.77278425e-01, -7.48717866e-01,  2.13970923e+00],       [-4.12319995e+00, -2.20709044e+00,  1.55261459e+00,        -5.21827068e-01, -1.35242361e+00,  6.03511811e-01,         1.31624740e+00, -1.06401297e+00,  7.07188948e-01,         2.54848898e-01, -4.24532814e-01, -1.89244209e+00,        -4.26813014e-01,  1.02871880e+00,  2.05227985e+00,        -1.91389706e+00, -6.14194314e-01, -1.34705494e+00,        -2.47074605e+00, -1.33129443e+00, -2.74196194e+00,        -2.94308874e+00,  2.06334922e+00, -8.58666685e-01,        -6.81816479e-01,  5.18284217e-02,  7.03610990e-01,         5.89772097e-01,  5.25313777e-01, -3.04561523e+00,        -1.22108780e+00, -1.96285983e+00, -1.59810225e+00,        -1.16022641e+00, -1.42608013e+00, -4.69218219e-01,        -9.28599920e-01, -2.15638168e+00,  1.17710037e+00,         1.32251901e+00, -3.80484131e+00,  1.50910917e-02,        -8.97163534e-01, -8.98412569e-01,  2.28489353e+00,         3.34847153e-01, -6.97266964e-01,  2.11265854e+00],       [-4.32319995e+00, -2.03183999e+00,  1.71446919e+00,        -4.67436845e-01, -1.50368741e+00,  4.44840889e-01,         1.31624740e+00, -1.06401297e+00,  7.17312582e-01,         5.48488976e-02, -4.30379489e-01, -1.81236331e+00,        -2.26813014e-01,  8.28718795e-01,  2.25227985e+00,        -2.01639419e+00, -7.70237617e-01, -1.52921755e+00,        -2.47713380e+00, -1.34200638e+00, -2.74196194e+00,        -3.14308874e+00,  1.96880025e+00, -1.05866668e+00,        -6.81816479e-01,  5.18284217e-02,  7.03610990e-01,         6.40974414e-01,  6.67383231e-01, -2.91011641e+00,        -1.22108780e+00, -1.78736575e+00, -1.75196979e+00,        -9.92703345e-01, -1.46002915e+00, -6.69218219e-01,        -8.84152650e-01, -1.95638168e+00,  1.22884957e+00,         1.29822665e+00, -3.75230494e+00, -1.84908908e-01,        -1.09716353e+00, -1.01567422e+00,  2.28489353e+00,         4.80378746e-01, -7.48717866e-01,  2.20628980e+00],       [-4.20552648e+00, -2.06080194e+00,  1.63540360e+00,        -5.02921214e-01, -1.37652691e+00,  4.67709086e-01,         1.34083835e+00, -1.11975230e+00,  6.05381999e-01,         8.01960394e-02, -4.52530377e-01, -1.88522843e+00,        -3.86776590e-01,  9.86379033e-01,  2.05469920e+00,        -1.95572505e+00, -8.09919121e-01, -1.32972055e+00,        -2.55434005e+00, -1.28333112e+00, -2.75617205e+00,        -3.04166485e+00,  2.02478163e+00, -9.41092383e-01,        -8.28988950e-01,  1.12886082e-01,  7.77941905e-01,         5.73215952e-01,  6.10662283e-01, -2.90644601e+00,        -1.40669836e+00, -1.79314909e+00, -1.60135566e+00,        -9.98993773e-01, -1.36616719e+00, -6.53206023e-01,        -8.35132705e-01, -2.06724709e+00,  1.27127431e+00,         1.28074528e+00, -3.66397863e+00, -4.85798408e-02,        -9.57733828e-01, -8.91954069e-01,  2.11508968e+00,         4.32539237e-01, -5.92508702e-01,  2.29347914e+00],       [-4.02319995e+00, -2.28087593e+00,  1.41446919e+00,        -6.09248206e-01, -1.65242361e+00,  4.28071221e-01,         1.61624740e+00, -9.64012965e-01,  4.17312582e-01,        -4.51511024e-02, -4.55109041e-01, -1.99244209e+00,        -5.26813014e-01,  7.28718795e-01,  2.32797204e+00,        -1.71639419e+00, -5.14194314e-01, -1.47002338e+00,        -2.77074605e+00, -1.04200638e+00, -2.64196194e+00,        -3.03793174e+00,  2.11495172e+00, -7.58666685e-01,        -5.81816479e-01, -4.81715783e-02,  1.00361099e+00,         5.59423182e-01,  3.93752830e-01, -2.74561523e+00,        -1.52108780e+00, -1.68736575e+00, -1.45196979e+00,        -1.17820617e+00, -1.30593282e+00, -3.79944259e-01,        -1.03147196e+00, -1.91664464e+00,  1.36337810e+00,         1.49099783e+00, -3.60115813e+00,  1.15091092e-01,        -1.19716353e+00, -7.15674217e-01,  2.05559222e+00,         5.39472909e-01, -8.48717866e-01,  2.03970923e+00],       [-4.02319995e+00, -2.21645568e+00,  1.56193933e+00,        -7.40386431e-01, -1.60503750e+00,  3.83855272e-01,         1.41624740e+00, -1.16401297e+00,  4.44659732e-01,         1.54848898e-01, -2.70495107e-01, -1.79244209e+00,        -5.26813014e-01,  9.28718795e-01,  2.26646576e+00,        -1.91639419e+00, -5.14194314e-01, -1.42921755e+00,        -2.57074605e+00, -1.04200638e+00, -2.64196194e+00,        -2.94821214e+00,  2.23058148e+00, -9.58666685e-01,        -5.81816479e-01, -4.81715783e-02,  1.00361099e+00,         5.97740584e-01,  3.93752830e-01, -2.77533145e+00,        -1.32108780e+00, -1.68736575e+00, -1.65196979e+00,        -1.12418352e+00, -1.50593282e+00, -5.79944259e-01,        -1.03147196e+00, -2.00773393e+00,  1.30971406e+00,         1.46915215e+00, -3.50484131e+00, -1.12604878e-02,        -1.19716353e+00, -9.15674217e-01,  2.05559222e+00,         3.77278425e-01, -6.48717866e-01,  2.06001862e+00],       [-4.02319995e+00, -2.13183999e+00,  1.41446919e+00,        -7.40386431e-01, -1.65242361e+00,  5.83855272e-01,         1.41624740e+00, -1.12999056e+00,  6.17312582e-01,         1.54848898e-01, -2.70495107e-01, -1.79244209e+00,        -5.26813014e-01,  7.28718795e-01,  2.12797204e+00,        -1.78961674e+00, -7.14194314e-01, -1.62921755e+00,        -2.57074605e+00, -1.24200638e+00, -2.64196194e+00,        -2.95695522e+00,  2.13484077e+00, -8.97327251e-01,        -7.81816479e-01,  1.51828422e-01,  1.00361099e+00,         5.26029560e-01,  5.51854124e-01, -2.78805953e+00,        -1.32108780e+00, -1.68736575e+00, -1.65196979e+00,        -1.06022641e+00, -1.50593282e+00, -5.09551523e-01,        -8.31471962e-01, -1.85638168e+00,  1.43677978e+00,         1.35066004e+00, -3.50484131e+00,  1.11993512e-01,        -9.97163534e-01, -9.10135715e-01,  2.05559222e+00,         5.59387726e-01, -6.48717866e-01,  2.05203439e+00],       [-4.25877275e+00, -2.12546616e+00,  1.61362343e+00,        -5.38808284e-01, -1.31343152e+00,  4.90414266e-01,         1.39283870e+00, -1.13421928e+00,  5.25270112e-01,         3.20304186e-03, -4.77848951e-01, -1.94645888e+00,        -3.22627291e-01,  1.00630623e+00,  2.09246826e+00,        -1.95750306e+00, -8.92284385e-01, -1.38270503e+00,        -2.56201964e+00, -1.34361282e+00, -2.85107680e+00,        -2.99578531e+00,  2.06976498e+00, -9.75014034e-01,        -7.60290125e-01,  9.85745768e-02,  8.50879134e-01,         6.04629037e-01,  6.26869415e-01, -2.96630051e+00,        -1.40078903e+00, -1.71426261e+00, -1.64035686e+00,        -9.24804651e-01, -1.28441813e+00, -6.87237111e-01,        -7.98517832e-01, -1.98740290e+00,  1.18641369e+00,         1.35646286e+00, -3.72581076e+00,  2.13739412e-02,        -9.24310071e-01, -9.23086230e-01,  2.04536479e+00,         4.59613430e-01, -5.22951093e-01,  2.35784902e+00],       [-3.92319995e+00, -2.23183999e+00,  1.31446919e+00,        -8.40386431e-01, -1.75242361e+00,  6.83855272e-01,         1.51624740e+00, -1.16011806e+00,  5.17312582e-01,         5.48488976e-02, -3.70495107e-01, -1.70263422e+00,        -6.26813014e-01,  6.53222191e-01,  2.22797204e+00,        -1.84610384e+00, -6.66511215e-01, -1.52921755e+00,        -2.47074605e+00, -1.14200638e+00, -2.74196194e+00,        -2.99202907e+00,  2.17986725e+00, -7.97327251e-01,        -7.95109362e-01,  7.99307342e-02,  9.03610990e-01,         6.26029560e-01,  4.51854124e-01, -2.68805953e+00,        -1.42108780e+00, -1.58736575e+00, -1.55196979e+00,        -9.67605214e-01, -1.59382080e+00, -5.68231191e-01,        -8.44475407e-01, -1.95638168e+00,  1.36495144e+00,         1.45066004e+00, -3.40484131e+00,  2.11993512e-01,        -1.05627585e+00, -8.10135715e-01,  2.15559222e+00,         4.59387726e-01, -7.48717866e-01,  1.95203439e+00],       [-3.92645548e+00, -2.23183999e+00,  1.35898128e+00,        -8.40386431e-01, -1.75242361e+00,  5.08774306e-01,         1.31624740e+00, -1.20604220e+00,  5.17312582e-01,         2.54848898e-01, -1.70495107e-01, -1.89244209e+00,        -6.26813014e-01,  8.28718795e-01,  2.02797204e+00,        -1.88961674e+00, -6.14194314e-01, -1.53488570e+00,        -2.47074605e+00, -1.14200638e+00, -2.60322763e+00,        -2.85695522e+00,  2.03484077e+00, -9.97327251e-01,        -6.81816479e-01,  1.63834933e-01,  1.10361099e+00,         6.26029560e-01,  4.51854124e-01, -2.75198783e+00,        -1.27743183e+00, -1.58736575e+00, -1.75196979e+00,        -1.05177002e+00, -1.40593282e+00, -4.09551523e-01,        -7.31471962e-01, -1.75638168e+00,  1.33677978e+00,         1.45066004e+00, -3.40484131e+00,  2.11993512e-01,        -8.97163534e-01, -8.10135715e-01,  1.95559222e+00,         4.59387726e-01, -5.48717866e-01,  2.01681361e+00],       [-3.92319995e+00, -2.03183999e+00,  1.31446919e+00,        -8.40386431e-01, -1.75242361e+00,  6.83855272e-01,         1.31624740e+00, -1.02999056e+00,  5.17312582e-01,         2.54848898e-01, -2.95643453e-01, -1.81806086e+00,        -6.26813014e-01,  6.28718795e-01,  2.02797204e+00,        -1.68961674e+00, -8.14194314e-01, -1.72921755e+00,        -2.50097399e+00, -1.34200638e+00, -2.54196194e+00,        -3.05695522e+00,  2.06037225e+00, -7.97327251e-01,        -7.37584833e-01,  2.35810337e-01,  1.00893786e+00,         4.26029560e-01,  6.42434541e-01, -2.68805953e+00,        -1.22108780e+00, -1.58736575e+00, -1.55196979e+00,        -9.60226406e-01, -1.40593282e+00, -4.36265074e-01,        -7.31471962e-01, -1.75638168e+00,  1.53677978e+00,         1.36016004e+00, -3.40484131e+00,  1.19935119e-02,        -9.70841730e-01, -8.10135715e-01,  1.95559222e+00,         6.00816597e-01, -6.05617602e-01,  1.95203439e+00],       [-4.17987856e+00, -1.96954164e+00,  1.65338823e+00,        -5.63354657e-01, -1.39066076e+00,  4.35058285e-01,         1.43922735e+00, -1.14370500e+00,  7.03922174e-01,         8.39568896e-02, -5.18074437e-01, -1.97031362e+00,        -4.12715452e-01,  9.11062805e-01,  2.08160295e+00,        -1.97294108e+00, -7.11735995e-01, -1.24372943e+00,        -2.62449285e+00, -1.30435467e+00, -2.76385611e+00,        -3.02947510e+00,  2.08085433e+00, -9.43653601e-01,        -8.44990240e-01,  6.52860226e-02,  8.60103133e-01,         4.77670254e-01,  6.74886663e-01, -2.96875233e+00,        -1.36954698e+00, -1.82210721e+00, -1.50651313e+00,        -1.07443935e+00, -1.42865321e+00, -5.75317528e-01,        -8.18451443e-01, -2.10539781e+00,  1.17142719e+00,         1.22626483e+00, -3.73489791e+00, -1.07893076e-01,        -8.78469317e-01, -8.17335193e-01,  2.15514757e+00,         4.26638773e-01, -5.27081501e-01,  2.29264442e+00],       [-3.94098846e+00, -2.13183999e+00,  1.41446919e+00,        -9.40386431e-01, -1.85242361e+00,  5.83855272e-01,         1.41624740e+00, -9.29990563e-01,  4.17312582e-01,         3.54848898e-01, -3.95643453e-01, -1.91806086e+00,        -7.26813014e-01,  5.28718795e-01,  1.92797204e+00,        -1.58961674e+00, -9.14194314e-01, -1.82921755e+00,        -2.60097399e+00, -1.44200638e+00, -2.51424823e+00,        -2.95695522e+00,  1.96037225e+00, -8.97327251e-01,        -6.37584833e-01,  1.35810337e-01,  1.10893786e+00,         5.26029560e-01,  7.22828285e-01, -2.78805953e+00,        -1.12108780e+00, -1.68736575e+00, -1.45196979e+00,        -1.06022641e+00, -1.50593282e+00, -5.36265074e-01,        -6.31471962e-01, -1.73171122e+00,  1.63677978e+00,         1.46016004e+00, -3.41813361e+00, -8.80064881e-02,        -1.07084173e+00, -9.10135715e-01,  2.05559222e+00,         7.00816597e-01, -5.05617602e-01,  1.85203439e+00],       [-4.02319995e+00, -2.09438279e+00,  1.21446919e+00,        -9.40386431e-01, -1.66484150e+00,  5.83855272e-01,         1.29429822e+00, -1.10940279e+00,  5.59043881e-01,         2.12428526e-01, -1.95643453e-01, -1.71806086e+00,        -7.26813014e-01,  7.28718795e-01,  2.06438727e+00,        -1.78961674e+00, -8.82773147e-01, -1.62921755e+00,        -2.44318146e+00, -1.30899162e+00, -2.44196194e+00,        -3.15695522e+00,  1.96037225e+00, -6.97327251e-01,        -8.37584833e-01,  1.35810337e-01,  9.35203062e-01,         3.50298547e-01,  5.42434541e-01, -2.78805953e+00,        -1.12108780e+00, -1.48736575e+00, -1.65196979e+00,        -1.02875299e+00, -1.30593282e+00, -3.36265074e-01,        -6.31471962e-01, -1.65638168e+00,  1.43677978e+00,         1.26016004e+00, -3.50484131e+00,  1.11993512e-01,        -9.05132530e-01, -7.10135715e-01,  1.85559222e+00,         5.00816597e-01, -5.05617602e-01,  2.05203439e+00],       [-3.82319995e+00, -2.13183999e+00,  1.21446919e+00,        -7.61856685e-01, -1.85242361e+00,  7.83855272e-01,         1.21624740e+00, -9.82092875e-01,  4.17312582e-01,         3.54848898e-01, -2.28048449e-01, -1.71806086e+00,        -7.26813014e-01,  5.28718795e-01,  1.93161478e+00,        -1.58961674e+00, -7.23294309e-01, -1.82921755e+00,        -2.40097399e+00, -1.42052140e+00, -2.44196194e+00,        -3.15695522e+00,  1.96037225e+00, -8.64324910e-01,        -6.37584833e-01,  1.35810337e-01,  9.08937863e-01,         3.26029560e-01,  7.29831342e-01, -2.68159461e+00,        -1.12108780e+00, -1.56225004e+00, -1.45196979e+00,        -8.60226406e-01, -1.50593282e+00, -5.36265074e-01,        -6.31471962e-01, -1.65638168e+00,  1.63677978e+00,         1.46016004e+00, -3.30484131e+00, -8.80064881e-02,        -8.70841730e-01, -8.27056795e-01,  1.85559222e+00,         5.45547326e-01, -5.05617602e-01,  1.85203439e+00],       [-4.23282875e+00, -2.10568132e+00,  1.72035176e+00,        -5.25523368e-01, -1.37795073e+00,  4.18596706e-01,         1.41783165e+00, -1.14309960e+00,  5.64896943e-01,         1.23715032e-01, -5.14356388e-01, -1.96158991e+00,        -3.19377034e-01,  1.03520622e+00,  2.07280331e+00,        -2.00714674e+00, -7.85269692e-01, -1.30204949e+00,        -2.58882616e+00, -1.36983325e+00, -2.68006433e+00,        -3.04967350e+00,  2.07755617e+00, -9.90314659e-01,        -8.10711514e-01,  9.86451137e-02,  7.54362034e-01,         4.98558629e-01,  5.59515616e-01, -2.99057769e+00,        -1.44612670e+00, -1.74480813e+00, -1.57835251e+00,        -9.64511553e-01, -1.46449057e+00, -6.17530629e-01,        -8.34496567e-01, -2.12106540e+00,  1.20625361e+00,         1.21774188e+00, -3.59512663e+00,  4.79381171e-02,        -8.74985903e-01, -9.22480185e-01,  2.17113460e+00,         4.41830156e-01, -5.29220222e-01,  2.29022453e+00],       [-4.12319995e+00, -2.19438279e+00,  1.11446919e+00,        -8.40386431e-01, -1.76484150e+00,  4.83855272e-01,         1.19429822e+00, -1.20940279e+00,  6.58974405e-01,         1.12428526e-01, -9.99633888e-02, -1.61806086e+00,        -7.39703747e-01,  7.63236923e-01,  2.16438727e+00,        -1.88961674e+00, -7.93920742e-01, -1.52921755e+00,        -2.34318146e+00, -1.33394965e+00, -2.34587459e+00,        -3.25695522e+00,  2.06037225e+00, -5.97327251e-01,        -7.37584833e-01,  2.35810337e-01,  8.35203062e-01,         4.50298547e-01,  4.42434541e-01, -2.68805953e+00,        -1.22108780e+00, -1.38736575e+00, -1.55196979e+00,        -1.07294053e+00, -1.20593282e+00, -3.79805801e-01,        -5.31471962e-01, -1.75638168e+00,  1.53677978e+00,         1.16016004e+00, -3.40484131e+00,  2.11993512e-01,        -1.00513253e+00, -6.66773359e-01,  1.95559222e+00,         4.00816597e-01, -6.05617602e-01,  2.12199433e+00],       [-4.12319995e+00, -2.19438279e+00,  1.11446919e+00,        -9.70210483e-01, -1.76484150e+00,  4.83855272e-01,         1.39429822e+00, -1.19969418e+00,  6.59043881e-01,         3.12428526e-01, -9.56434532e-02, -1.61806086e+00,        -8.26813014e-01,  6.28718795e-01,  1.96438727e+00,        -1.88961674e+00, -9.54709523e-01, -1.72921755e+00,        -2.34318146e+00, -1.40899162e+00, -2.34196194e+00,        -3.25695522e+00,  2.06037225e+00, -7.97327251e-01,        -7.37584833e-01,  2.35810337e-01,  1.02144721e+00,         3.73210712e-01,  6.42434541e-01, -2.88805953e+00,        -1.02527909e+00, -1.38736575e+00, -1.66070084e+00,        -1.12604783e+00, -1.20593282e+00, -2.49993852e-01,        -7.09169257e-01, -1.55638168e+00,  1.36772070e+00,         1.16016004e+00, -3.60484131e+00,  9.68249333e-02,        -1.00513253e+00, -6.10135715e-01,  1.75559222e+00,         4.00816597e-01, -6.05617602e-01,  2.15203439e+00],       [-4.12319995e+00, -1.99438279e+00,  1.11446919e+00,        -1.04038643e+00, -1.56484150e+00,  5.82726820e-01,         1.39429822e+00, -1.20940279e+00,  6.59043881e-01,         1.12428526e-01, -9.56434532e-02, -1.76868658e+00,        -6.26813014e-01,  6.28718795e-01,  2.16438727e+00,        -1.68961674e+00, -8.50710943e-01, -1.72921755e+00,        -2.54318146e+00, -1.40899162e+00, -2.54196194e+00,        -3.25380043e+00,  2.06037225e+00, -7.97327251e-01,        -9.37584833e-01,  2.35810337e-01,  8.35203062e-01,         4.50298547e-01,  4.42434541e-01, -2.80998977e+00,        -1.22108780e+00, -1.38736575e+00, -1.75196979e+00,        -1.05721588e+00, -1.20593282e+00, -4.36265074e-01,        -7.31471962e-01, -1.55638168e+00,  1.40599593e+00,         1.16016004e+00, -3.40484131e+00,  2.11993512e-01,        -1.00513253e+00, -6.10135715e-01,  1.75559222e+00,         4.00816597e-01, -6.05617602e-01,  1.95203439e+00],       [-4.18753622e+00, -2.00334925e+00,  1.55545053e+00,        -4.95519791e-01, -1.40333024e+00,  4.88570454e-01,         1.43259885e+00, -1.14118771e+00,  5.83976599e-01,         1.38323438e-01, -4.23514697e-01, -1.90645163e+00,        -3.48985581e-01,  9.67179355e-01,  1.98192183e+00,        -1.96559640e+00, -8.43035243e-01, -1.38612677e+00,        -2.46918509e+00, -1.24540324e+00, -2.73640787e+00,        -2.99233336e+00,  2.03317584e+00, -9.00985769e-01,        -7.42876987e-01,  1.85409421e-01,  7.11430277e-01,         5.25843757e-01,  5.24984339e-01, -2.81071144e+00,        -1.45942154e+00, -1.76102942e+00, -1.68342952e+00,        -1.05683958e+00, -1.36560231e+00, -7.32215290e-01,        -8.57358025e-01, -2.05964955e+00,  1.23911515e+00,         1.29192533e+00, -3.65662497e+00, -7.04577411e-02,        -9.18479812e-01, -8.56257578e-01,  2.15255031e+00,         4.44837489e-01, -6.20892719e-01,  2.31610161e+00],       [-4.12319995e+00, -1.99540552e+00,  1.11446919e+00,        -8.40386431e-01, -1.56484150e+00,  6.83855272e-01,         1.19429822e+00, -1.20940279e+00,  5.87794996e-01,         2.04528918e-01, -2.14950015e-01, -1.61806086e+00,        -6.26813014e-01,  6.28718795e-01,  2.16438727e+00,        -1.68961674e+00, -9.82773147e-01, -1.52921755e+00,        -2.34318146e+00, -1.40899162e+00, -2.34196194e+00,        -3.25695522e+00,  2.06037225e+00, -7.97327251e-01,        -7.82102362e-01,  3.88986853e-02,  8.63528387e-01,         2.71695392e-01,  6.42434541e-01, -2.88805953e+00,        -1.22108780e+00, -1.38736575e+00, -1.63174423e+00,        -1.04290865e+00, -1.33608935e+00, -2.95013676e-01,        -5.31471962e-01, -1.75638168e+00,  1.33677978e+00,         1.16237007e+00, -3.40484131e+00,  1.19935119e-02,        -9.86496879e-01, -6.90751049e-01,  1.95559222e+00,         4.03201548e-01, -6.02561390e-01,  2.15203439e+00]])
all_costs=array([-2.27224059, -2.05570948, -1.91171598, -1.86844571, -2.31268244,       -1.66071787, -2.05900993, -2.08104412, -1.12130468, -2.2074111 ,       -2.20574611, -1.5732981 , -1.72180726, -2.1316245 , -2.0682107 ,       -2.38034823, -2.2847092 , -2.29328348, -2.41843297, -2.08268958,       -1.72531463, -2.10655922, -1.67924171, -2.08408859, -1.80931504,       -1.71274392, -1.5225782 , -1.91114981, -2.00223618, -2.51508232,       -2.43083594, -1.97258301, -2.60212518, -2.30121647, -1.9846351 ,       -2.64252802, -2.4355239 , -0.94554841, -2.77260077, -2.77414228,       -2.41851756, -1.38583717, -2.78769658, -2.65359089, -2.47223623,       -2.66214845, -1.58731666, -1.33711163, -2.73483186, -2.60990911])
all_uncers=array([0., 0., 0., 0., 0., 0., 0., 0., 0., 0., 0., 0., 0., 0., 0., 0., 0.,       0., 0., 0., 0., 0., 0., 0., 0., 0., 0., 0., 0., 0., 0., 0., 0., 0.,       0., 0., 0., 0., 0., 0., 0., 0., 0., 0., 0., 0., 0., 0., 0., 0.])
best_cost=-2.7876965834823735
best_params=array([-4.02319995, -2.09438279,  1.21446919, -0.94038643, -1.6648415 ,        0.58385527,  1.29429822, -1.10940279,  0.55904388,  0.21242853,       -0.19564345, -1.71806086, -0.72681301,  0.7287188 ,  2.06438727,       -1.78961674, -0.88277315, -1.62921755, -2.44318146, -1.30899162,       -2.44196194, -3.15695522,  1.96037225, -0.69732725, -0.83758483,        0.13581034,  0.93520306,  0.35029855,  0.54243454, -2.78805953,       -1.1210878 , -1.48736575, -1.65196979, -1.02875299, -1.30593282,       -0.33626507, -0.63147196, -1.65638168,  1.43677978,  1.26016004,       -3.50484131,  0.11199351, -0.90513253, -0.71013571,  1.85559222,        0.5008166 , -0.5056176 ,  2.05203439])
best_index=42
worst_cost=-0.9455484139330123
worst_index=37
cost_range=1.8421481695493611
costs_count=50
params_count=23
length_scale=1
noise_level=1
cost_scaler_init_index=21
net_0={'last_hyperfit': 0, 'last_net_reg': 1e-08, 'losses_list': [1.9504721, 2.2521396, 1.6389898, 1.2987787, 1.1404506, 1.1177384, 1.1284196, 1.1267972, 1.130578, 1.1277676, 1.1319854, 1.128715, 1.1176177, 1.1070486, 1.1061862, 1.0936724, 1.0887758, 1.0875533, 1.0867777, 1.0870446, 1.4273357, 1.3460238, 1.2428584, 1.1883919, 1.1537745, 1.4569318, 1.2925034, 1.2205321, 1.1410316, 1.0546665, 0.9565774, 0.9390487, 0.9206408, 0.9060322, 0.89219195, 1.1721772, 1.1352718, 1.1146182, 1.1061112, 1.1005569, 2.020096, 1.9405556, 1.9022987, 1.8538113, 1.7860267, 2.0972457, 2.0634458, 2.0573342, 2.0277333, 1.9831387, 2.019176, 1.9930104, 1.9857836, 1.9890087, 1.9882005, 2.0521095, 1.9750131, 1.951528, 2.0280485, 2.0495565], 'scaler_samples': (array([[-4.40972216, -2.25037107,  1.38977902, -0.38411528, -1.49717646,         0.50097726,  1.47298364, -1.25325318,  0.59592765,  0.04342154,        -0.34730002, -1.79695629, -0.18654631,  0.82700763,  2.10062685,        -2.06711385, -0.76044719, -1.52518923, -2.53306099, -1.33372576,        -2.68035095, -2.93966436,  2.0377821 , -0.79360587, -0.90608782,         0.06832199,  0.92586436,  0.76144457,  0.5728444 , -2.96328367,        -1.28272927, -1.99676491, -1.8297388 , -1.15276449, -1.53459274,        -0.57098445, -1.03144725, -1.93666272,  1.13621133,  1.28208539,        -3.73025551, -0.14081321, -0.84935004, -0.75098522,  2.35715938,         0.33621919, -0.65918334,  2.16450207],       [-4.48371645, -2.34649768,  1.42554613, -0.44178965, -1.54406712,         0.49929189,  1.38365615, -1.23842965,  0.52527337,  0.06128264,        -0.30734835, -1.87648941, -0.20373511,  0.86588766,  2.0834627 ,        -2.15712316, -0.75326791, -1.4924303 , -2.53008317, -1.24480681,        -2.66303994, -2.85898398,  1.96527704, -0.8657506 , -0.84460957,         0.04785736,  0.8589352 ,  0.84694629,  0.54239758, -2.91312125,        -1.23752968, -1.92010369, -1.80500436, -1.102576  , -1.56481307,        -0.61699887, -0.95227001, -1.95104448,  1.22917934,  1.31477369,        -3.70591637, -0.21786402, -0.75945218, -0.7610028 ,  2.3728373 ,         0.31784655, -0.71177794,  2.24517798],       [-4.39498626, -2.34979701,  1.41320801, -0.4187863 , -1.49176484,         0.57816568,  1.44443759, -1.17154615,  0.62059968, -0.05341422,        -0.26141258, -1.75877691, -0.08708174,  0.76147573,  2.028054  ,        -1.98059475, -0.72108356, -1.6119892 , -2.48196838, -1.28295052,        -2.59574604, -2.89735941,  1.96263629, -0.88962984, -1.00084563,        -0.02601671,  0.87510657,  0.83345016,  0.58061062, -2.95271928,        -1.2143231 , -2.07193025, -1.87390206, -1.13561264, -1.44067359,        -0.55877841, -1.1277178 , -1.87653618,  1.08280618,  1.34350643,        -3.75268338, -0.06810484, -0.79992571, -0.73973718,  2.28445042,         0.24820273, -0.73491465,  2.07341245],       [-4.48822334, -2.30522921,  1.43237682, -0.37217188, -1.59466526,         0.41537212,  1.5664389 , -1.23963308,  0.5365863 , -0.00611332,        -0.29853485, -1.8578704 , -0.17027453,  0.92101162,  2.16999261,        -2.1191443 , -0.76169325, -1.50119809, -2.46726481, -1.40236748,        -2.77663571, -3.02565993,  2.03505112, -0.77233998, -0.89231754,         0.03179448,  1.02358759,  0.77739361,  0.54887264, -2.95309403,        -1.23366239, -1.96291833, -1.87675489, -1.23949752, -1.5605759 ,        -0.54504095, -1.08941245, -1.88611161,  1.04951862,  1.23414841,        -3.6693046 , -0.20212636, -0.82145786, -0.74605116,  2.44212097,         0.28887854, -0.74599112,  2.21151527],       [-4.35528656, -2.1688079 ,  1.47617344, -0.48132496, -1.55030404,         0.52433293,  1.5627869 , -1.16321795,  0.60725829,  0.12654281,        -0.31898678, -1.81895475, -0.18934818,  0.84786972,  2.11053643,        -1.98187756, -0.67670051, -1.54621411, -2.44040848, -1.39893462,        -2.75508505, -3.01264853,  2.03891453, -0.88930091, -0.81649378,         0.13374509,  0.82886815,  0.69668382,  0.53925712, -3.0370843 ,        -1.22083114, -2.02781758, -1.7417173 , -1.13636165, -1.45882634,        -0.50203756, -0.95036879, -1.94468666,  1.14548069,  1.34180611,        -3.77311174, -0.14276251, -0.82952797, -0.84787857,  2.37585566,         0.32295446, -0.59771123,  2.12755103],       [-4.27670881, -2.15323646,  1.41297548, -0.42373912, -1.5278978 ,         0.43511479,  1.54682564, -1.12740418,  0.69097865,  0.02662321,        -0.22363495, -1.84363869, -0.09459147,  0.86881294,  2.17630559,        -1.96693526, -0.65108527, -1.58909885, -2.42304181, -1.34893027,        -2.68342228, -2.96163209,  2.07852598, -0.81640502, -0.85195758,         0.16790285,  0.81904294,  0.67310437,  0.52141939, -3.05678839,        -1.25735435, -2.00343371, -1.75566785, -1.04160124, -1.42326616,        -0.56232358, -0.96502859, -1.97601742,  1.20500845,  1.41780577,        -3.69234335, -0.11021855, -0.87548632, -0.89740523,  2.44683525,         0.32849739, -0.53727902,  2.14204874],       [-4.30865805, -2.16500558,  1.53035022, -0.46755337, -1.55716206,         0.49287072,  1.47642877, -1.18763312,  0.52318351,  0.22310623,        -0.38266421, -1.75658301, -0.11435585,  0.88555237,  2.12443531,        -2.04968327, -0.6833245 , -1.5771797 , -2.49540049, -1.38043225,        -2.79263108, -2.92938742,  2.12084164, -0.93787725, -0.89431552,         0.07233764,  0.82878499,  0.74240096,  0.48089601, -3.08747759,        -1.15049676, -2.04464784, -1.71838029, -1.18962843, -1.53843289,        -0.49886616, -0.95494059, -2.01415233,  1.16984194,  1.35060813,        -3.74228427, -0.2138534 , -0.77922241, -0.90346874,  2.37972602,         0.38001366, -0.69324515,  2.09242352],       [-4.28070208, -2.09986598,  1.48386155, -0.40800331, -1.46034284,         0.58961433,  1.63360999, -1.24346927,  0.63751916,  0.1672462 ,        -0.29693862, -1.7590317 , -0.28243393,  0.90191747,  2.15688215,        -2.02993788, -0.72528665, -1.51975345, -2.47134899, -1.33961689,        -2.7658558 , -2.95609864,  2.13700889, -0.92925124, -0.88789262,         0.21400678,  0.83718003,  0.7916319 ,  0.566578  , -2.9383017 ,        -1.21161698, -2.02253239, -1.81463172, -1.16522062, -1.55358263,        -0.56995852, -0.90124135, -2.03860673,  1.11878931,  1.41427536,        -3.7345762 , -0.10457408, -0.89180061, -0.85949771,  2.39217114,         0.4209048 , -0.65692999,  2.07709761],       [-4.40285194, -2.11877342,  1.4675685 , -0.56993908, -1.54860079,         0.46672497,  1.62250775, -1.20375168,  0.51277949,  0.1452293 ,        -0.2502187 , -1.84275152, -0.13937652,  0.85009802,  2.11872679,        -1.8899907 , -0.61590833, -1.6397495 , -2.39853103, -1.40593433,        -2.66557526, -3.06836198,  1.99232894, -0.97300612, -0.83077002,         0.05554884,  0.8556255 ,  0.75727647,  0.57861722, -2.98384203,        -1.25234031, -1.95864728, -1.75596355, -1.07155968, -1.43352711,        -0.57335295, -1.03469141, -2.04102014,  1.05882569,  1.33352287,        -3.85044336, -0.23720584, -0.77855568, -0.86890847,  2.42524336,         0.31343542, -0.60769388,  2.12316553],       [-4.36048577, -2.10817523,  1.45665194, -0.40038773, -1.64289183,         0.5791078 ,  1.48791518, -1.13951524,  0.50933114,  0.13426826,        -0.41838319, -1.72871599, -0.10826777,  0.90706311,  2.19359129,        -2.05276592, -0.74515449, -1.60868778, -2.4159093 , -1.31777272,        -2.65709401, -2.97042404,  2.08527462, -0.80744227, -0.83631903,         0.08371522,  0.76355419,  0.62057523,  0.60177924, -3.10772583,        -1.26797164, -1.96399974, -1.77959985, -1.03987816, -1.5054986 ,        -0.49530689, -0.98747539, -1.8625321 ,  1.11879202,  1.32852457,        -3.7706532 , -0.05498521, -0.92333817, -0.80450284,  2.45405945,         0.2284119 , -0.59330098,  2.092749  ],       [-4.28338869, -2.15710459,  1.51421901, -0.49075426, -1.52464223,         0.4823523 ,  1.46465662, -1.14786676,  0.56954713,  0.12999633,        -0.23570561, -1.83365979, -0.23986897,  0.82212847,  2.19690865,        -1.89450389, -0.60783452, -1.46217281, -2.49482842, -1.48143818,        -2.8096231 , -3.0497732 ,  1.97386771, -0.86788208, -0.8337765 ,         0.19701539,  0.76589423,  0.73705913,  0.48732824, -3.02224049,        -1.25103362, -2.1164247 , -1.79595457, -1.10354114, -1.45937632,        -0.49823436, -1.01542476, -1.93054349,  1.24483138,  1.40517313,        -3.75423722, -0.0475647 , -0.74921546, -0.82875698,  2.28234093,         0.24166988, -0.68463689,  2.11789766],       [-4.38019959, -2.0737379 ,  1.40977009, -0.38676744, -1.49680906,         0.5891805 ,  1.58931006, -1.1294714 ,  0.60263476,  0.02917008,        -0.34838556, -1.82054039, -0.14332994,  0.84159539,  2.10201741,        -2.05434501, -0.77452276, -1.49455846, -2.47641791, -1.30205793,        -2.8110382 , -3.04490692,  2.04369376, -0.83832262, -0.82372222,         0.0587096 ,  0.79136843,  0.69758766,  0.57402692, -2.98305431,        -1.29476398, -2.12323455, -1.73790084, -1.07436391, -1.55630559,        -0.46754359, -0.91300714, -1.95483731,  1.22843843,  1.37067832,        -3.87206377, -0.14587682, -0.75766441, -0.78179866,  2.4056865 ,         0.35769414, -0.58201132,  2.08237499],       [-4.34318056, -2.13446195,  1.44665936, -0.41015929, -1.61129654,         0.5737971 ,  1.52070745, -1.10845809,  0.59280576,  0.18808249,        -0.34827981, -1.8762161 , -0.13589128,  0.80959811,  2.15718544,        -1.93298293, -0.73242117, -1.60339168, -2.5006189 , -1.47043096,        -2.77966853, -3.10732295,  1.96109861, -0.8543881 , -0.75653847,         0.04985099,  0.77520861,  0.63820895,  0.62272383, -2.9948214 ,        -1.21005421, -2.06691398, -1.67474649, -1.14930046, -1.3741351 ,        -0.4608272 , -0.95476253, -2.01944464,  1.2406894 ,  1.27377284,        -3.83259132, -0.15652616, -0.84868759, -0.91852827,  2.42171944,         0.26070347, -0.5689321 ,  2.17841222],       [-4.41314008, -2.14861705,  1.52595911, -0.45368122, -1.53087858,         0.48342939,  1.60910819, -1.07415626,  0.59237057,  0.18297917,        -0.40775857, -1.75190043, -0.25089818,  0.8268891 ,  2.07055264,        -2.06585683, -0.59577431, -1.57218327, -2.43426899, -1.40011137,        -2.82865282, -3.07135772,  1.9541523 , -0.88771657, -0.86418387,         0.10515741,  0.75048122,  0.75419419,  0.46057389, -2.93994254,        -1.2853989 , -2.01333656, -1.83274823, -1.0789384 , -1.52090515,        -0.49645676, -0.90235328, -2.01470037,  1.15569813,  1.28512955,        -3.72127253, -0.09817947, -0.89421817, -0.77548526,  2.27981068,         0.39500186, -0.58593047,  2.10819513],       [-4.30353717, -2.1254221 ,  1.57363867, -0.52570795, -1.6495453 ,         0.61111346,  1.63436632, -1.11744778,  0.61059605,  0.16793405,        -0.26288087, -1.84397956, -0.13528367,  0.89799459,  2.13317867,        -2.00150438, -0.6372389 , -1.64559154, -2.38542915, -1.3196513 ,        -2.8072219 , -3.08849509,  1.98297133, -0.92888156, -0.73988808,         0.14237837,  0.78621048,  0.62435476,  0.49728601, -3.01431009,        -1.25600343, -2.03634554, -1.75289388, -1.07073458, -1.47355671,        -0.5328978 , -0.91537447, -2.00039025,  1.13892986,  1.30475924,        -3.74774062, -0.06729042, -0.83999017, -0.79098709,  2.3672488 ,         0.35420032, -0.67134304,  2.11414733],       [-4.27342416, -2.1477121 ,  1.52952835, -0.48038484, -1.55069291,         0.5929129 ,  1.47634829, -1.1485635 ,  0.69581081,  0.13011482,        -0.38009362, -1.74936687, -0.23902035,  0.88801493,  2.11858862,        -1.8921103 , -0.65183317, -1.47861852, -2.53882191, -1.30106661,        -2.83954213, -3.04822262,  2.12814501, -0.98751309, -0.75194778,         0.20598742,  0.81683431,  0.64783286,  0.59979502, -3.0415119 ,        -1.29396341, -1.94224778, -1.66252331, -1.13805262, -1.38748584,        -0.51832195, -0.91367581, -1.96508854,  1.14662909,  1.27971645,        -3.68011396, -0.18391937, -0.90883606, -0.91901549,  2.27867412,         0.3661436 , -0.58481157,  2.1864667 ],       [-4.27200817, -2.08934789,  1.5686812 , -0.42481515, -1.56939634,         0.62246703,  1.41230715, -1.1841995 ,  0.63033173,  0.11184226,        -0.43180987, -1.76798247, -0.14397588,  0.85207879,  2.21508681,        -1.86484908, -0.67681496, -1.40712162, -2.51490456, -1.35066   ,        -2.780971  , -3.06163492,  2.09964725, -1.0214577 , -0.712474  ,         0.15971744,  0.87848992,  0.60689062,  0.6086193 , -3.04392761,        -1.22289213, -1.86457049, -1.72564642, -1.12098293, -1.30784483,        -0.52909851, -0.82930215, -2.00929036,  1.16839533,  1.31620719,        -3.73447281, -0.28116587, -0.92549127, -0.83131911,  2.24727974,         0.42209246, -0.64986431,  2.15485727],       [-4.34450461, -2.10435794,  1.56938988, -0.44268538, -1.60001371,         0.63138493,  1.4218078 , -1.16363367,  0.67019523,  0.1011764 ,        -0.46856266, -1.72303754, -0.19755703,  0.91073267,  2.14825117,        -1.95812216, -0.72194381, -1.47578351, -2.46375536, -1.36427592,        -2.84697431, -3.06243616,  2.12760285, -1.05521093, -0.78345965,         0.1583635 ,  0.8857397 ,  0.70789931,  0.58512285, -3.02010881,        -1.36487029, -1.94032512, -1.70313389, -1.06612243, -1.35316616,        -0.49162715, -0.98872555, -1.97097096,  1.24394365,  1.36937628,        -3.65109683, -0.2535744 , -0.88101069, -0.90588307,  2.27240729,         0.35175109, -0.56495762,  2.25646068],       [-4.22319995, -2.13183999,  1.61446919, -0.56743684, -1.45242361,         0.50351181,  1.4162474 , -1.16401297,  0.61731258,  0.1548489 ,        -0.47049511, -1.79244209, -0.32681301,  0.9287188 ,  2.15227985,        -1.91639419, -0.71419431, -1.42921755, -2.57074605, -1.24200638,        -2.84196194, -3.04308874,  2.03384318, -0.95866668, -0.78181648,         0.15182842,  0.80361099,  0.62432635,  0.59375283, -2.94561523,        -1.3210878 , -1.88736575, -1.65196979, -1.06022641, -1.41649527,        -0.56921822, -0.83147196, -2.05638168,  1.23677978,  1.29099783,        -3.70484131, -0.08490891, -0.99716353, -0.91567422,  2.18489353,         0.38037875, -0.64871787,  2.21265854],       [-4.12701522, -2.05685948,  1.60483644, -0.52574467, -1.39692986,         0.50248043,  1.42195409, -1.23385609,  0.59119257,  0.08329315,        -0.42511636, -1.79703949, -0.33703725,  1.00591839,  2.15780361,        -1.93457602, -0.76041591, -1.51481514, -2.58711882, -1.33685568,        -2.88373116, -3.04238683,  2.1270298 , -1.0367901 , -0.74720827,         0.1518149 ,  0.85903064,  0.55304775,  0.51039336, -2.96577151,        -1.26169535, -1.94903061, -1.59841435, -1.10216681, -1.47311697,        -0.6658751 , -0.85174015, -2.08016538,  1.26864877,  1.20518151,        -3.77432052, -0.18159373, -1.07440426, -0.88531636,  2.1654249 ,         0.34458401, -0.63713547,  2.31135064],       [-4.15630265, -2.09191536,  1.69812091, -0.6594911 , -1.53835692,         0.49831307,  1.38608088, -1.07656255,  0.61522557,  0.16277872,        -0.39144303, -1.80311508, -0.25140614,  0.87943515,  2.10704179,        -1.95072191, -0.70468146, -1.48519182, -2.53646021, -1.31344772,        -2.92314189, -2.96905039,  1.98121692, -0.98146588, -0.76750806,         0.15698882,  0.71881577,  0.69915154,  0.68397995, -2.88311377,        -1.36432743, -1.8817964 , -1.68408644, -1.04929294, -1.32161458,        -0.60687764, -0.79771264, -2.09118824,  1.29167523,  1.25615982,        -3.62687584, -0.03456736, -0.94463711, -0.92177841,  2.12704643,         0.28867376, -0.68435211,  2.12008108]]), array([-2.27224059, -2.05570948, -1.91171598, -1.86844571, -2.31268244,       -1.66071787, -2.05900993, -2.08104412, -1.12130468, -2.2074111 ,       -2.20574611, -1.5732981 , -1.72180726, -2.1316245 , -2.0682107 ,       -2.38034823, -2.2847092 , -2.29328348, -2.41843297, -2.08268958,       -1.72531463])), 'net': {'saver_path': './M-LOOP_archives/neural_net_archive_2020-01-30_10-30_npCJ3GJ2.ckpt'}}
net_1={'last_hyperfit': 0, 'last_net_reg': 1e-08, 'losses_list': [1.4618783, 1.2230794, 1.124906, 1.0389838, 1.0164729, 0.993694, 1.0111954, 1.0065558, 0.99791306, 0.98043627, 0.96975404, 0.9690033, 0.9535732, 0.95458287, 0.95348287, 0.9474215, 0.93803596, 0.94031054, 0.9460373, 0.9440783, 1.4785537, 1.3913584, 1.2515614, 1.1339812, 1.0840213, 1.4887835, 1.4059384, 1.3175082, 1.258406, 1.2073619, 1.0796999, 1.0562183, 1.053491, 1.0505959, 1.0367281, 1.1310718, 1.1374422, 1.1414453, 1.1404157, 1.1280798, 1.5343634, 1.5227511, 1.5243887, 1.5285467, 1.5269419, 1.6257441, 1.6290629, 1.6311244, 1.636163, 1.6360214, 1.930891, 1.9178427, 1.8972814, 1.8750668, 1.8503036], 'scaler_samples': (array([[-4.40972216, -2.25037107,  1.38977902, -0.38411528, -1.49717646,         0.50097726,  1.47298364, -1.25325318,  0.59592765,  0.04342154,        -0.34730002, -1.79695629, -0.18654631,  0.82700763,  2.10062685,        -2.06711385, -0.76044719, -1.52518923, -2.53306099, -1.33372576,        -2.68035095, -2.93966436,  2.0377821 , -0.79360587, -0.90608782,         0.06832199,  0.92586436,  0.76144457,  0.5728444 , -2.96328367,        -1.28272927, -1.99676491, -1.8297388 , -1.15276449, -1.53459274,        -0.57098445, -1.03144725, -1.93666272,  1.13621133,  1.28208539,        -3.73025551, -0.14081321, -0.84935004, -0.75098522,  2.35715938,         0.33621919, -0.65918334,  2.16450207],       [-4.48371645, -2.34649768,  1.42554613, -0.44178965, -1.54406712,         0.49929189,  1.38365615, -1.23842965,  0.52527337,  0.06128264,        -0.30734835, -1.87648941, -0.20373511,  0.86588766,  2.0834627 ,        -2.15712316, -0.75326791, -1.4924303 , -2.53008317, -1.24480681,        -2.66303994, -2.85898398,  1.96527704, -0.8657506 , -0.84460957,         0.04785736,  0.8589352 ,  0.84694629,  0.54239758, -2.91312125,        -1.23752968, -1.92010369, -1.80500436, -1.102576  , -1.56481307,        -0.61699887, -0.95227001, -1.95104448,  1.22917934,  1.31477369,        -3.70591637, -0.21786402, -0.75945218, -0.7610028 ,  2.3728373 ,         0.31784655, -0.71177794,  2.24517798],       [-4.39498626, -2.34979701,  1.41320801, -0.4187863 , -1.49176484,         0.57816568,  1.44443759, -1.17154615,  0.62059968, -0.05341422,        -0.26141258, -1.75877691, -0.08708174,  0.76147573,  2.028054  ,        -1.98059475, -0.72108356, -1.6119892 , -2.48196838, -1.28295052,        -2.59574604, -2.89735941,  1.96263629, -0.88962984, -1.00084563,        -0.02601671,  0.87510657,  0.83345016,  0.58061062, -2.95271928,        -1.2143231 , -2.07193025, -1.87390206, -1.13561264, -1.44067359,        -0.55877841, -1.1277178 , -1.87653618,  1.08280618,  1.34350643,        -3.75268338, -0.06810484, -0.79992571, -0.73973718,  2.28445042,         0.24820273, -0.73491465,  2.07341245],       [-4.48822334, -2.30522921,  1.43237682, -0.37217188, -1.59466526,         0.41537212,  1.5664389 , -1.23963308,  0.5365863 , -0.00611332,        -0.29853485, -1.8578704 , -0.17027453,  0.92101162,  2.16999261,        -2.1191443 , -0.76169325, -1.50119809, -2.46726481, -1.40236748,        -2.77663571, -3.02565993,  2.03505112, -0.77233998, -0.89231754,         0.03179448,  1.02358759,  0.77739361,  0.54887264, -2.95309403,        -1.23366239, -1.96291833, -1.87675489, -1.23949752, -1.5605759 ,        -0.54504095, -1.08941245, -1.88611161,  1.04951862,  1.23414841,        -3.6693046 , -0.20212636, -0.82145786, -0.74605116,  2.44212097,         0.28887854, -0.74599112,  2.21151527],       [-4.35528656, -2.1688079 ,  1.47617344, -0.48132496, -1.55030404,         0.52433293,  1.5627869 , -1.16321795,  0.60725829,  0.12654281,        -0.31898678, -1.81895475, -0.18934818,  0.84786972,  2.11053643,        -1.98187756, -0.67670051, -1.54621411, -2.44040848, -1.39893462,        -2.75508505, -3.01264853,  2.03891453, -0.88930091, -0.81649378,         0.13374509,  0.82886815,  0.69668382,  0.53925712, -3.0370843 ,        -1.22083114, -2.02781758, -1.7417173 , -1.13636165, -1.45882634,        -0.50203756, -0.95036879, -1.94468666,  1.14548069,  1.34180611,        -3.77311174, -0.14276251, -0.82952797, -0.84787857,  2.37585566,         0.32295446, -0.59771123,  2.12755103],       [-4.27670881, -2.15323646,  1.41297548, -0.42373912, -1.5278978 ,         0.43511479,  1.54682564, -1.12740418,  0.69097865,  0.02662321,        -0.22363495, -1.84363869, -0.09459147,  0.86881294,  2.17630559,        -1.96693526, -0.65108527, -1.58909885, -2.42304181, -1.34893027,        -2.68342228, -2.96163209,  2.07852598, -0.81640502, -0.85195758,         0.16790285,  0.81904294,  0.67310437,  0.52141939, -3.05678839,        -1.25735435, -2.00343371, -1.75566785, -1.04160124, -1.42326616,        -0.56232358, -0.96502859, -1.97601742,  1.20500845,  1.41780577,        -3.69234335, -0.11021855, -0.87548632, -0.89740523,  2.44683525,         0.32849739, -0.53727902,  2.14204874],       [-4.30865805, -2.16500558,  1.53035022, -0.46755337, -1.55716206,         0.49287072,  1.47642877, -1.18763312,  0.52318351,  0.22310623,        -0.38266421, -1.75658301, -0.11435585,  0.88555237,  2.12443531,        -2.04968327, -0.6833245 , -1.5771797 , -2.49540049, -1.38043225,        -2.79263108, -2.92938742,  2.12084164, -0.93787725, -0.89431552,         0.07233764,  0.82878499,  0.74240096,  0.48089601, -3.08747759,        -1.15049676, -2.04464784, -1.71838029, -1.18962843, -1.53843289,        -0.49886616, -0.95494059, -2.01415233,  1.16984194,  1.35060813,        -3.74228427, -0.2138534 , -0.77922241, -0.90346874,  2.37972602,         0.38001366, -0.69324515,  2.09242352],       [-4.28070208, -2.09986598,  1.48386155, -0.40800331, -1.46034284,         0.58961433,  1.63360999, -1.24346927,  0.63751916,  0.1672462 ,        -0.29693862, -1.7590317 , -0.28243393,  0.90191747,  2.15688215,        -2.02993788, -0.72528665, -1.51975345, -2.47134899, -1.33961689,        -2.7658558 , -2.95609864,  2.13700889, -0.92925124, -0.88789262,         0.21400678,  0.83718003,  0.7916319 ,  0.566578  , -2.9383017 ,        -1.21161698, -2.02253239, -1.81463172, -1.16522062, -1.55358263,        -0.56995852, -0.90124135, -2.03860673,  1.11878931,  1.41427536,        -3.7345762 , -0.10457408, -0.89180061, -0.85949771,  2.39217114,         0.4209048 , -0.65692999,  2.07709761],       [-4.40285194, -2.11877342,  1.4675685 , -0.56993908, -1.54860079,         0.46672497,  1.62250775, -1.20375168,  0.51277949,  0.1452293 ,        -0.2502187 , -1.84275152, -0.13937652,  0.85009802,  2.11872679,        -1.8899907 , -0.61590833, -1.6397495 , -2.39853103, -1.40593433,        -2.66557526, -3.06836198,  1.99232894, -0.97300612, -0.83077002,         0.05554884,  0.8556255 ,  0.75727647,  0.57861722, -2.98384203,        -1.25234031, -1.95864728, -1.75596355, -1.07155968, -1.43352711,        -0.57335295, -1.03469141, -2.04102014,  1.05882569,  1.33352287,        -3.85044336, -0.23720584, -0.77855568, -0.86890847,  2.42524336,         0.31343542, -0.60769388,  2.12316553],       [-4.36048577, -2.10817523,  1.45665194, -0.40038773, -1.64289183,         0.5791078 ,  1.48791518, -1.13951524,  0.50933114,  0.13426826,        -0.41838319, -1.72871599, -0.10826777,  0.90706311,  2.19359129,        -2.05276592, -0.74515449, -1.60868778, -2.4159093 , -1.31777272,        -2.65709401, -2.97042404,  2.08527462, -0.80744227, -0.83631903,         0.08371522,  0.76355419,  0.62057523,  0.60177924, -3.10772583,        -1.26797164, -1.96399974, -1.77959985, -1.03987816, -1.5054986 ,        -0.49530689, -0.98747539, -1.8625321 ,  1.11879202,  1.32852457,        -3.7706532 , -0.05498521, -0.92333817, -0.80450284,  2.45405945,         0.2284119 , -0.59330098,  2.092749  ],       [-4.28338869, -2.15710459,  1.51421901, -0.49075426, -1.52464223,         0.4823523 ,  1.46465662, -1.14786676,  0.56954713,  0.12999633,        -0.23570561, -1.83365979, -0.23986897,  0.82212847,  2.19690865,        -1.89450389, -0.60783452, -1.46217281, -2.49482842, -1.48143818,        -2.8096231 , -3.0497732 ,  1.97386771, -0.86788208, -0.8337765 ,         0.19701539,  0.76589423,  0.73705913,  0.48732824, -3.02224049,        -1.25103362, -2.1164247 , -1.79595457, -1.10354114, -1.45937632,        -0.49823436, -1.01542476, -1.93054349,  1.24483138,  1.40517313,        -3.75423722, -0.0475647 , -0.74921546, -0.82875698,  2.28234093,         0.24166988, -0.68463689,  2.11789766],       [-4.38019959, -2.0737379 ,  1.40977009, -0.38676744, -1.49680906,         0.5891805 ,  1.58931006, -1.1294714 ,  0.60263476,  0.02917008,        -0.34838556, -1.82054039, -0.14332994,  0.84159539,  2.10201741,        -2.05434501, -0.77452276, -1.49455846, -2.47641791, -1.30205793,        -2.8110382 , -3.04490692,  2.04369376, -0.83832262, -0.82372222,         0.0587096 ,  0.79136843,  0.69758766,  0.57402692, -2.98305431,        -1.29476398, -2.12323455, -1.73790084, -1.07436391, -1.55630559,        -0.46754359, -0.91300714, -1.95483731,  1.22843843,  1.37067832,        -3.87206377, -0.14587682, -0.75766441, -0.78179866,  2.4056865 ,         0.35769414, -0.58201132,  2.08237499],       [-4.34318056, -2.13446195,  1.44665936, -0.41015929, -1.61129654,         0.5737971 ,  1.52070745, -1.10845809,  0.59280576,  0.18808249,        -0.34827981, -1.8762161 , -0.13589128,  0.80959811,  2.15718544,        -1.93298293, -0.73242117, -1.60339168, -2.5006189 , -1.47043096,        -2.77966853, -3.10732295,  1.96109861, -0.8543881 , -0.75653847,         0.04985099,  0.77520861,  0.63820895,  0.62272383, -2.9948214 ,        -1.21005421, -2.06691398, -1.67474649, -1.14930046, -1.3741351 ,        -0.4608272 , -0.95476253, -2.01944464,  1.2406894 ,  1.27377284,        -3.83259132, -0.15652616, -0.84868759, -0.91852827,  2.42171944,         0.26070347, -0.5689321 ,  2.17841222],       [-4.41314008, -2.14861705,  1.52595911, -0.45368122, -1.53087858,         0.48342939,  1.60910819, -1.07415626,  0.59237057,  0.18297917,        -0.40775857, -1.75190043, -0.25089818,  0.8268891 ,  2.07055264,        -2.06585683, -0.59577431, -1.57218327, -2.43426899, -1.40011137,        -2.82865282, -3.07135772,  1.9541523 , -0.88771657, -0.86418387,         0.10515741,  0.75048122,  0.75419419,  0.46057389, -2.93994254,        -1.2853989 , -2.01333656, -1.83274823, -1.0789384 , -1.52090515,        -0.49645676, -0.90235328, -2.01470037,  1.15569813,  1.28512955,        -3.72127253, -0.09817947, -0.89421817, -0.77548526,  2.27981068,         0.39500186, -0.58593047,  2.10819513],       [-4.30353717, -2.1254221 ,  1.57363867, -0.52570795, -1.6495453 ,         0.61111346,  1.63436632, -1.11744778,  0.61059605,  0.16793405,        -0.26288087, -1.84397956, -0.13528367,  0.89799459,  2.13317867,        -2.00150438, -0.6372389 , -1.64559154, -2.38542915, -1.3196513 ,        -2.8072219 , -3.08849509,  1.98297133, -0.92888156, -0.73988808,         0.14237837,  0.78621048,  0.62435476,  0.49728601, -3.01431009,        -1.25600343, -2.03634554, -1.75289388, -1.07073458, -1.47355671,        -0.5328978 , -0.91537447, -2.00039025,  1.13892986,  1.30475924,        -3.74774062, -0.06729042, -0.83999017, -0.79098709,  2.3672488 ,         0.35420032, -0.67134304,  2.11414733],       [-4.27342416, -2.1477121 ,  1.52952835, -0.48038484, -1.55069291,         0.5929129 ,  1.47634829, -1.1485635 ,  0.69581081,  0.13011482,        -0.38009362, -1.74936687, -0.23902035,  0.88801493,  2.11858862,        -1.8921103 , -0.65183317, -1.47861852, -2.53882191, -1.30106661,        -2.83954213, -3.04822262,  2.12814501, -0.98751309, -0.75194778,         0.20598742,  0.81683431,  0.64783286,  0.59979502, -3.0415119 ,        -1.29396341, -1.94224778, -1.66252331, -1.13805262, -1.38748584,        -0.51832195, -0.91367581, -1.96508854,  1.14662909,  1.27971645,        -3.68011396, -0.18391937, -0.90883606, -0.91901549,  2.27867412,         0.3661436 , -0.58481157,  2.1864667 ],       [-4.27200817, -2.08934789,  1.5686812 , -0.42481515, -1.56939634,         0.62246703,  1.41230715, -1.1841995 ,  0.63033173,  0.11184226,        -0.43180987, -1.76798247, -0.14397588,  0.85207879,  2.21508681,        -1.86484908, -0.67681496, -1.40712162, -2.51490456, -1.35066   ,        -2.780971  , -3.06163492,  2.09964725, -1.0214577 , -0.712474  ,         0.15971744,  0.87848992,  0.60689062,  0.6086193 , -3.04392761,        -1.22289213, -1.86457049, -1.72564642, -1.12098293, -1.30784483,        -0.52909851, -0.82930215, -2.00929036,  1.16839533,  1.31620719,        -3.73447281, -0.28116587, -0.92549127, -0.83131911,  2.24727974,         0.42209246, -0.64986431,  2.15485727],       [-4.34450461, -2.10435794,  1.56938988, -0.44268538, -1.60001371,         0.63138493,  1.4218078 , -1.16363367,  0.67019523,  0.1011764 ,        -0.46856266, -1.72303754, -0.19755703,  0.91073267,  2.14825117,        -1.95812216, -0.72194381, -1.47578351, -2.46375536, -1.36427592,        -2.84697431, -3.06243616,  2.12760285, -1.05521093, -0.78345965,         0.1583635 ,  0.8857397 ,  0.70789931,  0.58512285, -3.02010881,        -1.36487029, -1.94032512, -1.70313389, -1.06612243, -1.35316616,        -0.49162715, -0.98872555, -1.97097096,  1.24394365,  1.36937628,        -3.65109683, -0.2535744 , -0.88101069, -0.90588307,  2.27240729,         0.35175109, -0.56495762,  2.25646068],       [-4.22319995, -2.13183999,  1.61446919, -0.56743684, -1.45242361,         0.50351181,  1.4162474 , -1.16401297,  0.61731258,  0.1548489 ,        -0.47049511, -1.79244209, -0.32681301,  0.9287188 ,  2.15227985,        -1.91639419, -0.71419431, -1.42921755, -2.57074605, -1.24200638,        -2.84196194, -3.04308874,  2.03384318, -0.95866668, -0.78181648,         0.15182842,  0.80361099,  0.62432635,  0.59375283, -2.94561523,        -1.3210878 , -1.88736575, -1.65196979, -1.06022641, -1.41649527,        -0.56921822, -0.83147196, -2.05638168,  1.23677978,  1.29099783,        -3.70484131, -0.08490891, -0.99716353, -0.91567422,  2.18489353,         0.38037875, -0.64871787,  2.21265854],       [-4.12701522, -2.05685948,  1.60483644, -0.52574467, -1.39692986,         0.50248043,  1.42195409, -1.23385609,  0.59119257,  0.08329315,        -0.42511636, -1.79703949, -0.33703725,  1.00591839,  2.15780361,        -1.93457602, -0.76041591, -1.51481514, -2.58711882, -1.33685568,        -2.88373116, -3.04238683,  2.1270298 , -1.0367901 , -0.74720827,         0.1518149 ,  0.85903064,  0.55304775,  0.51039336, -2.96577151,        -1.26169535, -1.94903061, -1.59841435, -1.10216681, -1.47311697,        -0.6658751 , -0.85174015, -2.08016538,  1.26864877,  1.20518151,        -3.77432052, -0.18159373, -1.07440426, -0.88531636,  2.1654249 ,         0.34458401, -0.63713547,  2.31135064],       [-4.15630265, -2.09191536,  1.69812091, -0.6594911 , -1.53835692,         0.49831307,  1.38608088, -1.07656255,  0.61522557,  0.16277872,        -0.39144303, -1.80311508, -0.25140614,  0.87943515,  2.10704179,        -1.95072191, -0.70468146, -1.48519182, -2.53646021, -1.31344772,        -2.92314189, -2.96905039,  1.98121692, -0.98146588, -0.76750806,         0.15698882,  0.71881577,  0.69915154,  0.68397995, -2.88311377,        -1.36432743, -1.8817964 , -1.68408644, -1.04929294, -1.32161458,        -0.60687764, -0.79771264, -2.09118824,  1.29167523,  1.25615982,        -3.62687584, -0.03456736, -0.94463711, -0.92177841,  2.12704643,         0.28867376, -0.68435211,  2.12008108]]), array([-2.27224059, -2.05570948, -1.91171598, -1.86844571, -2.31268244,       -1.66071787, -2.05900993, -2.08104412, -1.12130468, -2.2074111 ,       -2.20574611, -1.5732981 , -1.72180726, -2.1316245 , -2.0682107 ,       -2.38034823, -2.2847092 , -2.29328348, -2.41843297, -2.08268958,       -1.72531463])), 'net': {'saver_path': './M-LOOP_archives/neural_net_archive_2020-01-30_10-30_ffQpYk86.ckpt'}}
net_2={'last_hyperfit': 0, 'last_net_reg': 1e-08, 'losses_list': [3.1546113, 1.1528168, 1.0960802, 1.0627997, 0.98358357, 0.94997716, 0.9274235, 0.9118141, 0.88759005, 0.87886894, 0.87760186, 0.87499374, 0.8776963, 0.883837, 0.8929161, 0.89968765, 0.90751636, 0.91516984, 0.9255779, 0.93534017, 1.3211834, 1.2536781, 1.1272495, 1.0547202, 1.0221426, 1.260281, 1.2338969, 1.1917698, 1.1496372, 1.0960405, 1.3081768, 1.2421511, 1.1952649, 1.1501096, 1.1167185, 1.1684289, 1.1091963, 1.0735592, 1.053538, 1.0337665, 1.3895891, 1.3624073, 1.3822896, 1.4446379, 1.477679, 1.5718524, 1.598666, 1.6872414, 1.737009, 1.7438903], 'scaler_samples': (array([[-4.40972216, -2.25037107,  1.38977902, -0.38411528, -1.49717646,         0.50097726,  1.47298364, -1.25325318,  0.59592765,  0.04342154,        -0.34730002, -1.79695629, -0.18654631,  0.82700763,  2.10062685,        -2.06711385, -0.76044719, -1.52518923, -2.53306099, -1.33372576,        -2.68035095, -2.93966436,  2.0377821 , -0.79360587, -0.90608782,         0.06832199,  0.92586436,  0.76144457,  0.5728444 , -2.96328367,        -1.28272927, -1.99676491, -1.8297388 , -1.15276449, -1.53459274,        -0.57098445, -1.03144725, -1.93666272,  1.13621133,  1.28208539,        -3.73025551, -0.14081321, -0.84935004, -0.75098522,  2.35715938,         0.33621919, -0.65918334,  2.16450207],       [-4.48371645, -2.34649768,  1.42554613, -0.44178965, -1.54406712,         0.49929189,  1.38365615, -1.23842965,  0.52527337,  0.06128264,        -0.30734835, -1.87648941, -0.20373511,  0.86588766,  2.0834627 ,        -2.15712316, -0.75326791, -1.4924303 , -2.53008317, -1.24480681,        -2.66303994, -2.85898398,  1.96527704, -0.8657506 , -0.84460957,         0.04785736,  0.8589352 ,  0.84694629,  0.54239758, -2.91312125,        -1.23752968, -1.92010369, -1.80500436, -1.102576  , -1.56481307,        -0.61699887, -0.95227001, -1.95104448,  1.22917934,  1.31477369,        -3.70591637, -0.21786402, -0.75945218, -0.7610028 ,  2.3728373 ,         0.31784655, -0.71177794,  2.24517798],       [-4.39498626, -2.34979701,  1.41320801, -0.4187863 , -1.49176484,         0.57816568,  1.44443759, -1.17154615,  0.62059968, -0.05341422,        -0.26141258, -1.75877691, -0.08708174,  0.76147573,  2.028054  ,        -1.98059475, -0.72108356, -1.6119892 , -2.48196838, -1.28295052,        -2.59574604, -2.89735941,  1.96263629, -0.88962984, -1.00084563,        -0.02601671,  0.87510657,  0.83345016,  0.58061062, -2.95271928,        -1.2143231 , -2.07193025, -1.87390206, -1.13561264, -1.44067359,        -0.55877841, -1.1277178 , -1.87653618,  1.08280618,  1.34350643,        -3.75268338, -0.06810484, -0.79992571, -0.73973718,  2.28445042,         0.24820273, -0.73491465,  2.07341245],       [-4.48822334, -2.30522921,  1.43237682, -0.37217188, -1.59466526,         0.41537212,  1.5664389 , -1.23963308,  0.5365863 , -0.00611332,        -0.29853485, -1.8578704 , -0.17027453,  0.92101162,  2.16999261,        -2.1191443 , -0.76169325, -1.50119809, -2.46726481, -1.40236748,        -2.77663571, -3.02565993,  2.03505112, -0.77233998, -0.89231754,         0.03179448,  1.02358759,  0.77739361,  0.54887264, -2.95309403,        -1.23366239, -1.96291833, -1.87675489, -1.23949752, -1.5605759 ,        -0.54504095, -1.08941245, -1.88611161,  1.04951862,  1.23414841,        -3.6693046 , -0.20212636, -0.82145786, -0.74605116,  2.44212097,         0.28887854, -0.74599112,  2.21151527],       [-4.35528656, -2.1688079 ,  1.47617344, -0.48132496, -1.55030404,         0.52433293,  1.5627869 , -1.16321795,  0.60725829,  0.12654281,        -0.31898678, -1.81895475, -0.18934818,  0.84786972,  2.11053643,        -1.98187756, -0.67670051, -1.54621411, -2.44040848, -1.39893462,        -2.75508505, -3.01264853,  2.03891453, -0.88930091, -0.81649378,         0.13374509,  0.82886815,  0.69668382,  0.53925712, -3.0370843 ,        -1.22083114, -2.02781758, -1.7417173 , -1.13636165, -1.45882634,        -0.50203756, -0.95036879, -1.94468666,  1.14548069,  1.34180611,        -3.77311174, -0.14276251, -0.82952797, -0.84787857,  2.37585566,         0.32295446, -0.59771123,  2.12755103],       [-4.27670881, -2.15323646,  1.41297548, -0.42373912, -1.5278978 ,         0.43511479,  1.54682564, -1.12740418,  0.69097865,  0.02662321,        -0.22363495, -1.84363869, -0.09459147,  0.86881294,  2.17630559,        -1.96693526, -0.65108527, -1.58909885, -2.42304181, -1.34893027,        -2.68342228, -2.96163209,  2.07852598, -0.81640502, -0.85195758,         0.16790285,  0.81904294,  0.67310437,  0.52141939, -3.05678839,        -1.25735435, -2.00343371, -1.75566785, -1.04160124, -1.42326616,        -0.56232358, -0.96502859, -1.97601742,  1.20500845,  1.41780577,        -3.69234335, -0.11021855, -0.87548632, -0.89740523,  2.44683525,         0.32849739, -0.53727902,  2.14204874],       [-4.30865805, -2.16500558,  1.53035022, -0.46755337, -1.55716206,         0.49287072,  1.47642877, -1.18763312,  0.52318351,  0.22310623,        -0.38266421, -1.75658301, -0.11435585,  0.88555237,  2.12443531,        -2.04968327, -0.6833245 , -1.5771797 , -2.49540049, -1.38043225,        -2.79263108, -2.92938742,  2.12084164, -0.93787725, -0.89431552,         0.07233764,  0.82878499,  0.74240096,  0.48089601, -3.08747759,        -1.15049676, -2.04464784, -1.71838029, -1.18962843, -1.53843289,        -0.49886616, -0.95494059, -2.01415233,  1.16984194,  1.35060813,        -3.74228427, -0.2138534 , -0.77922241, -0.90346874,  2.37972602,         0.38001366, -0.69324515,  2.09242352],       [-4.28070208, -2.09986598,  1.48386155, -0.40800331, -1.46034284,         0.58961433,  1.63360999, -1.24346927,  0.63751916,  0.1672462 ,        -0.29693862, -1.7590317 , -0.28243393,  0.90191747,  2.15688215,        -2.02993788, -0.72528665, -1.51975345, -2.47134899, -1.33961689,        -2.7658558 , -2.95609864,  2.13700889, -0.92925124, -0.88789262,         0.21400678,  0.83718003,  0.7916319 ,  0.566578  , -2.9383017 ,        -1.21161698, -2.02253239, -1.81463172, -1.16522062, -1.55358263,        -0.56995852, -0.90124135, -2.03860673,  1.11878931,  1.41427536,        -3.7345762 , -0.10457408, -0.89180061, -0.85949771,  2.39217114,         0.4209048 , -0.65692999,  2.07709761],       [-4.40285194, -2.11877342,  1.4675685 , -0.56993908, -1.54860079,         0.46672497,  1.62250775, -1.20375168,  0.51277949,  0.1452293 ,        -0.2502187 , -1.84275152, -0.13937652,  0.85009802,  2.11872679,        -1.8899907 , -0.61590833, -1.6397495 , -2.39853103, -1.40593433,        -2.66557526, -3.06836198,  1.99232894, -0.97300612, -0.83077002,         0.05554884,  0.8556255 ,  0.75727647,  0.57861722, -2.98384203,        -1.25234031, -1.95864728, -1.75596355, -1.07155968, -1.43352711,        -0.57335295, -1.03469141, -2.04102014,  1.05882569,  1.33352287,        -3.85044336, -0.23720584, -0.77855568, -0.86890847,  2.42524336,         0.31343542, -0.60769388,  2.12316553],       [-4.36048577, -2.10817523,  1.45665194, -0.40038773, -1.64289183,         0.5791078 ,  1.48791518, -1.13951524,  0.50933114,  0.13426826,        -0.41838319, -1.72871599, -0.10826777,  0.90706311,  2.19359129,        -2.05276592, -0.74515449, -1.60868778, -2.4159093 , -1.31777272,        -2.65709401, -2.97042404,  2.08527462, -0.80744227, -0.83631903,         0.08371522,  0.76355419,  0.62057523,  0.60177924, -3.10772583,        -1.26797164, -1.96399974, -1.77959985, -1.03987816, -1.5054986 ,        -0.49530689, -0.98747539, -1.8625321 ,  1.11879202,  1.32852457,        -3.7706532 , -0.05498521, -0.92333817, -0.80450284,  2.45405945,         0.2284119 , -0.59330098,  2.092749  ],       [-4.28338869, -2.15710459,  1.51421901, -0.49075426, -1.52464223,         0.4823523 ,  1.46465662, -1.14786676,  0.56954713,  0.12999633,        -0.23570561, -1.83365979, -0.23986897,  0.82212847,  2.19690865,        -1.89450389, -0.60783452, -1.46217281, -2.49482842, -1.48143818,        -2.8096231 , -3.0497732 ,  1.97386771, -0.86788208, -0.8337765 ,         0.19701539,  0.76589423,  0.73705913,  0.48732824, -3.02224049,        -1.25103362, -2.1164247 , -1.79595457, -1.10354114, -1.45937632,        -0.49823436, -1.01542476, -1.93054349,  1.24483138,  1.40517313,        -3.75423722, -0.0475647 , -0.74921546, -0.82875698,  2.28234093,         0.24166988, -0.68463689,  2.11789766],       [-4.38019959, -2.0737379 ,  1.40977009, -0.38676744, -1.49680906,         0.5891805 ,  1.58931006, -1.1294714 ,  0.60263476,  0.02917008,        -0.34838556, -1.82054039, -0.14332994,  0.84159539,  2.10201741,        -2.05434501, -0.77452276, -1.49455846, -2.47641791, -1.30205793,        -2.8110382 , -3.04490692,  2.04369376, -0.83832262, -0.82372222,         0.0587096 ,  0.79136843,  0.69758766,  0.57402692, -2.98305431,        -1.29476398, -2.12323455, -1.73790084, -1.07436391, -1.55630559,        -0.46754359, -0.91300714, -1.95483731,  1.22843843,  1.37067832,        -3.87206377, -0.14587682, -0.75766441, -0.78179866,  2.4056865 ,         0.35769414, -0.58201132,  2.08237499],       [-4.34318056, -2.13446195,  1.44665936, -0.41015929, -1.61129654,         0.5737971 ,  1.52070745, -1.10845809,  0.59280576,  0.18808249,        -0.34827981, -1.8762161 , -0.13589128,  0.80959811,  2.15718544,        -1.93298293, -0.73242117, -1.60339168, -2.5006189 , -1.47043096,        -2.77966853, -3.10732295,  1.96109861, -0.8543881 , -0.75653847,         0.04985099,  0.77520861,  0.63820895,  0.62272383, -2.9948214 ,        -1.21005421, -2.06691398, -1.67474649, -1.14930046, -1.3741351 ,        -0.4608272 , -0.95476253, -2.01944464,  1.2406894 ,  1.27377284,        -3.83259132, -0.15652616, -0.84868759, -0.91852827,  2.42171944,         0.26070347, -0.5689321 ,  2.17841222],       [-4.41314008, -2.14861705,  1.52595911, -0.45368122, -1.53087858,         0.48342939,  1.60910819, -1.07415626,  0.59237057,  0.18297917,        -0.40775857, -1.75190043, -0.25089818,  0.8268891 ,  2.07055264,        -2.06585683, -0.59577431, -1.57218327, -2.43426899, -1.40011137,        -2.82865282, -3.07135772,  1.9541523 , -0.88771657, -0.86418387,         0.10515741,  0.75048122,  0.75419419,  0.46057389, -2.93994254,        -1.2853989 , -2.01333656, -1.83274823, -1.0789384 , -1.52090515,        -0.49645676, -0.90235328, -2.01470037,  1.15569813,  1.28512955,        -3.72127253, -0.09817947, -0.89421817, -0.77548526,  2.27981068,         0.39500186, -0.58593047,  2.10819513],       [-4.30353717, -2.1254221 ,  1.57363867, -0.52570795, -1.6495453 ,         0.61111346,  1.63436632, -1.11744778,  0.61059605,  0.16793405,        -0.26288087, -1.84397956, -0.13528367,  0.89799459,  2.13317867,        -2.00150438, -0.6372389 , -1.64559154, -2.38542915, -1.3196513 ,        -2.8072219 , -3.08849509,  1.98297133, -0.92888156, -0.73988808,         0.14237837,  0.78621048,  0.62435476,  0.49728601, -3.01431009,        -1.25600343, -2.03634554, -1.75289388, -1.07073458, -1.47355671,        -0.5328978 , -0.91537447, -2.00039025,  1.13892986,  1.30475924,        -3.74774062, -0.06729042, -0.83999017, -0.79098709,  2.3672488 ,         0.35420032, -0.67134304,  2.11414733],       [-4.27342416, -2.1477121 ,  1.52952835, -0.48038484, -1.55069291,         0.5929129 ,  1.47634829, -1.1485635 ,  0.69581081,  0.13011482,        -0.38009362, -1.74936687, -0.23902035,  0.88801493,  2.11858862,        -1.8921103 , -0.65183317, -1.47861852, -2.53882191, -1.30106661,        -2.83954213, -3.04822262,  2.12814501, -0.98751309, -0.75194778,         0.20598742,  0.81683431,  0.64783286,  0.59979502, -3.0415119 ,        -1.29396341, -1.94224778, -1.66252331, -1.13805262, -1.38748584,        -0.51832195, -0.91367581, -1.96508854,  1.14662909,  1.27971645,        -3.68011396, -0.18391937, -0.90883606, -0.91901549,  2.27867412,         0.3661436 , -0.58481157,  2.1864667 ],       [-4.27200817, -2.08934789,  1.5686812 , -0.42481515, -1.56939634,         0.62246703,  1.41230715, -1.1841995 ,  0.63033173,  0.11184226,        -0.43180987, -1.76798247, -0.14397588,  0.85207879,  2.21508681,        -1.86484908, -0.67681496, -1.40712162, -2.51490456, -1.35066   ,        -2.780971  , -3.06163492,  2.09964725, -1.0214577 , -0.712474  ,         0.15971744,  0.87848992,  0.60689062,  0.6086193 , -3.04392761,        -1.22289213, -1.86457049, -1.72564642, -1.12098293, -1.30784483,        -0.52909851, -0.82930215, -2.00929036,  1.16839533,  1.31620719,        -3.73447281, -0.28116587, -0.92549127, -0.83131911,  2.24727974,         0.42209246, -0.64986431,  2.15485727],       [-4.34450461, -2.10435794,  1.56938988, -0.44268538, -1.60001371,         0.63138493,  1.4218078 , -1.16363367,  0.67019523,  0.1011764 ,        -0.46856266, -1.72303754, -0.19755703,  0.91073267,  2.14825117,        -1.95812216, -0.72194381, -1.47578351, -2.46375536, -1.36427592,        -2.84697431, -3.06243616,  2.12760285, -1.05521093, -0.78345965,         0.1583635 ,  0.8857397 ,  0.70789931,  0.58512285, -3.02010881,        -1.36487029, -1.94032512, -1.70313389, -1.06612243, -1.35316616,        -0.49162715, -0.98872555, -1.97097096,  1.24394365,  1.36937628,        -3.65109683, -0.2535744 , -0.88101069, -0.90588307,  2.27240729,         0.35175109, -0.56495762,  2.25646068],       [-4.22319995, -2.13183999,  1.61446919, -0.56743684, -1.45242361,         0.50351181,  1.4162474 , -1.16401297,  0.61731258,  0.1548489 ,        -0.47049511, -1.79244209, -0.32681301,  0.9287188 ,  2.15227985,        -1.91639419, -0.71419431, -1.42921755, -2.57074605, -1.24200638,        -2.84196194, -3.04308874,  2.03384318, -0.95866668, -0.78181648,         0.15182842,  0.80361099,  0.62432635,  0.59375283, -2.94561523,        -1.3210878 , -1.88736575, -1.65196979, -1.06022641, -1.41649527,        -0.56921822, -0.83147196, -2.05638168,  1.23677978,  1.29099783,        -3.70484131, -0.08490891, -0.99716353, -0.91567422,  2.18489353,         0.38037875, -0.64871787,  2.21265854],       [-4.12701522, -2.05685948,  1.60483644, -0.52574467, -1.39692986,         0.50248043,  1.42195409, -1.23385609,  0.59119257,  0.08329315,        -0.42511636, -1.79703949, -0.33703725,  1.00591839,  2.15780361,        -1.93457602, -0.76041591, -1.51481514, -2.58711882, -1.33685568,        -2.88373116, -3.04238683,  2.1270298 , -1.0367901 , -0.74720827,         0.1518149 ,  0.85903064,  0.55304775,  0.51039336, -2.96577151,        -1.26169535, -1.94903061, -1.59841435, -1.10216681, -1.47311697,        -0.6658751 , -0.85174015, -2.08016538,  1.26864877,  1.20518151,        -3.77432052, -0.18159373, -1.07440426, -0.88531636,  2.1654249 ,         0.34458401, -0.63713547,  2.31135064],       [-4.15630265, -2.09191536,  1.69812091, -0.6594911 , -1.53835692,         0.49831307,  1.38608088, -1.07656255,  0.61522557,  0.16277872,        -0.39144303, -1.80311508, -0.25140614,  0.87943515,  2.10704179,        -1.95072191, -0.70468146, -1.48519182, -2.53646021, -1.31344772,        -2.92314189, -2.96905039,  1.98121692, -0.98146588, -0.76750806,         0.15698882,  0.71881577,  0.69915154,  0.68397995, -2.88311377,        -1.36432743, -1.8817964 , -1.68408644, -1.04929294, -1.32161458,        -0.60687764, -0.79771264, -2.09118824,  1.29167523,  1.25615982,        -3.62687584, -0.03456736, -0.94463711, -0.92177841,  2.12704643,         0.28867376, -0.68435211,  2.12008108]]), array([-2.27224059, -2.05570948, -1.91171598, -1.86844571, -2.31268244,       -1.66071787, -2.05900993, -2.08104412, -1.12130468, -2.2074111 ,       -2.20574611, -1.5732981 , -1.72180726, -2.1316245 , -2.0682107 ,       -2.38034823, -2.2847092 , -2.29328348, -2.41843297, -2.08268958,       -1.72531463])), 'net': {'saver_path': './M-LOOP_archives/neural_net_archive_2020-01-30_10-30_uMaYvfL6.ckpt'}}
