archive_type='gaussian_process_learner'
num_params=10
min_boundary=array([-10., -10., -10., -10., -10., -10., -10., -10., -10., -10.])
max_boundary=array([10., 10., 10., 10., 10., 10., 10., 10., 10., 10.])
start_datetime='2020-01-28_17-23'
cost_has_noise=True
length_scale_history=[array([ 8.17654197,  8.05982236,  7.62603481,  4.79165789,  7.16253353,       56.10188117,  4.35559351,  5.82420387, 12.14925036, 17.90791893]), array([ 8.29659125,  7.94769167,  7.90185068,  5.0647044 ,  7.1378692 ,       55.72645582,  4.37765601,  5.98236532, 12.26741716, 18.56059405])]
noise_level_history=[9.999999999999997e-06, 9.999999999999997e-06]
bad_run_indexs=[[], []]
bias_func_cycle=4
bias_func_cost_factor=[1.0, 1.0, 1.0, 1.0]
bias_func_uncer_factor=[0.0, 1.0, 2.0, 3.0]
generation_num=4
search_precision=1e-06
parameter_searches=10
hyperparameter_searches=10
bad_uncer_frac=0.1
trust_region=array([0.2, 0.2, 0.2, 0.2, 0.2, 0.2, 0.2, 0.2, 0.2, 0.2])
has_trust_region=True
predict_global_minima_at_end=True
all_params=array([[ 3.70439001, -5.91095501,  7.56234873, -9.45224814,  3.4093502 ,        -1.65390395,  1.17379657, -7.19226123, -6.03797022,  6.01489137],       [ 3.89169464, -5.98558533,  7.63927777, -9.30169248,  3.56719287,        -1.81988627,  0.98941848, -7.32432906, -5.88671322,  5.85423011],       [ 3.67283306, -5.72779919,  7.57561484, -9.37549729,  3.33555646,        -1.57930358,  1.30764684, -7.38494592, -5.93791249,  6.21043581],       [ 3.80365627, -5.99877741,  7.67806046, -9.61095773,  3.38850761,        -1.49046575,  1.09124223, -7.27715109, -6.18595879,  5.82263816],       [ 3.77592422, -6.02630376,  7.46856739, -9.45561887,  3.23069522,        -1.62425691,  1.032488  , -7.15653901, -5.95806687,  5.85582515],       [ 3.6700124 , -5.83319494,  7.52802044, -9.63226675,  3.42370877,        -1.58838609,  1.17975221, -7.01442333, -6.0033482 ,  6.17625214],       [ 3.55937989, -6.05524447,  7.68530524, -9.4931774 ,  3.27549188,        -1.48290052,  1.11290291, -7.09193639, -5.94757102,  6.16821381],       [ 3.75385889, -5.81057803,  7.50190806, -9.54427698,  3.56770469,        -1.68266748,  1.35973259, -7.12688463, -5.98929193,  5.86078976],       [ 3.93365459, -5.83061318,  7.53326391, -9.58102226,  3.46251548,        -1.52131567,  1.38920438, -7.3257365 , -5.94243396,  5.79144772],       [ 3.76468213, -5.65620119,  7.44481597, -9.38086292,  3.61704874,        -1.87633898,  1.53150748, -7.05052586, -5.79036279,  5.72972597],       [ 3.61953643, -5.48316301,  7.52354323, -9.55446285,  3.71923396,        -1.7747885 ,  1.7007173 , -6.96591596, -5.94065441,  5.53767802],       [ 3.43002083, -5.67184041,  7.42202766, -9.41045167,  3.73476638,        -1.75365971,  1.83752965, -7.11624663, -6.02898093,  5.57198173],       [ 3.61785913, -5.64742832,  7.22948658, -9.2901986 ,  3.62795609,        -1.63081763,  1.79267391, -6.97082989, -5.93013228,  5.59447782],       [ 3.47244122, -5.82346125,  7.07802396, -9.47237785,  3.47095375,        -1.7405339 ,  1.8778695 , -6.9469431 , -6.12510988,  5.42326753],       [ 3.65935175, -5.79622106,  6.95934125, -9.57144755,  3.56848409,        -1.86236211,  1.91041307, -6.7589351 , -5.98637836,  5.31920664],       [ 3.65685963, -5.74823878,  7.09093361, -9.70873099,  3.37591457,        -2.03435325,  1.90495112, -6.71640332, -5.95883779,  5.2461516 ],       [ 3.85479821, -5.76432298,  6.91139772, -9.55106826,  3.66661786,        -1.79466895,  1.8163809 , -6.93240117, -6.03834468,  5.37109364],       [ 3.54342135, -5.69511884,  6.78595584, -9.66732151,  3.69038591,        -1.98498839,  1.96619743, -6.74906698, -5.81645518,  5.22452535],       [ 3.36980579, -5.60109246,  6.89482706, -9.50419517,  3.86317474,        -2.17940776,  1.85994226, -6.70235564, -5.63684865,  5.40459579],       [ 3.39246706, -5.43484992,  6.95145354, -9.54819209,  3.85757101,        -2.13768357,  1.87976143, -6.53188307, -5.46935527,  5.36254604],       [ 3.57777207, -5.56526765,  6.80198535, -9.69416042,  3.85983587,        -2.32907365,  2.05894951, -6.40103688, -5.66334768,  5.23302454],       [ 3.5105975 , -5.71286891,  6.92578162, -9.75626576,  4.03587887,        -2.29626798,  2.21048231, -6.2631431 , -5.50119075,  5.21697665],       [ 3.52913623, -5.59342748,  6.84006917, -9.76016435,  4.07552299,        -2.49005467,  2.24787487, -6.28967256, -5.37824654,  5.14307457],       [ 3.68629171, -5.56228459,  6.71367325, -9.64499266,  4.12033546,        -2.66849096,  2.21595234, -6.21804502, -5.21080583,  4.94323538],       [ 3.87699537, -5.61165246,  6.90318666, -9.60310622,  4.25187378,        -2.63860636,  2.26718282, -6.30381451, -5.17607249,  5.04324408],       [ 3.82961725, -5.46025171,  6.79289615, -9.49920089,  4.04940786,        -2.60017544,  2.19630192, -6.26520392, -5.24648129,  4.90382721],       [ 3.61324529, -5.51351684,  6.68577215, -9.45547183,  4.19145582,        -2.789063  ,  2.18663275, -6.28070653, -5.09175031,  5.09523469],       [ 3.77478208, -5.44842892,  6.59385546, -9.55452515,  4.33341499,        -2.77797714,  2.30749718, -6.25171112, -4.9984933 ,  5.10283934],       [ 3.88313564, -5.42088572,  6.58013941, -9.61744958,  4.16069873,        -2.82680747,  2.13934761, -6.05858428, -5.12584816,  5.22758282],       [ 3.92476673, -5.37306362,  6.62165322, -9.69013657,  4.320167  ,        -2.83990832,  2.19751316, -6.21470637, -5.07358536,  5.26936157],       [ 3.93863629, -5.5455816 ,  6.43821198, -9.67734005,  4.33324866,        -2.68654288,  2.19077495, -6.3524977 , -4.85782455,  5.06917883],       [ 3.8214561 , -5.55496246,  6.43464236, -9.54818234,  4.32427139,        -2.91690849,  2.35621967, -6.23410707, -4.93683836,  4.96065756],       [ 3.92206723, -5.66614281,  6.44238309, -9.43406393,  4.13320356,        -2.9871635 ,  2.50538862, -6.09622323, -4.92146212,  5.10730087],       [ 4.10198963, -5.53558001,  6.58402927, -9.59456657,  4.19372529,        -2.90575671,  2.54948495, -5.97637713, -5.10763364,  5.21539636],       [ 4.01475867, -5.76226345,  6.34521081, -9.3811426 ,  4.07132254,        -2.86852803,  2.48384712, -5.98312346, -4.72527341,  5.02740021],       [ 3.871961  , -5.60174007,  6.36183456, -9.19124645,  4.1259643 ,        -2.67096282,  2.50227544, -5.97255309, -4.87110225,  4.96968227],       [ 3.68244843, -5.737582  ,  6.46008944, -9.37908658,  4.07258154,        -2.52602432,  2.57934652, -5.89617623, -4.99564753,  4.94644399],       [ 3.90459196, -5.40583939,  6.24339705, -9.29215329,  4.03083354,        -2.57089386,  2.48506557, -6.14978132, -4.86769575,  4.85446634],       [ 3.9914027 , -5.68280752,  6.17287697, -9.15387347,  4.26350048,        -2.71855637,  2.60221876, -5.9680965 , -4.85472153,  5.153456  ],       [ 4.11298705, -5.86987829,  6.25663187, -9.16787288,  4.44252005,        -2.82998328,  2.50904757, -6.13550691, -4.883274  ,  4.99706351],       [ 4.0449174 , -5.56162223,  6.25159717, -9.04738892,  4.20048212,        -2.58021578,  2.57372627, -5.83849255, -4.80412306,  5.01082522],       [ 3.87627216, -5.75428917,  6.07828717, -9.0639554 ,  4.04581889,        -2.76910244,  2.67567086, -5.88055236, -4.70534766,  4.99178715],       [ 3.85630686, -5.76306017,  6.06788874, -8.94269006,  4.0067759 ,        -2.60722798,  2.49049528, -5.77100262, -4.85509111,  5.03919258],       [ 3.68041787, -5.73883826,  5.87949435, -8.88347788,  4.20797971,        -2.65071566,  2.84178059, -6.02232907, -4.84225564,  4.86683982],       [ 3.72941623, -5.57651446,  6.07547642, -8.7990289 ,  4.30069987,        -2.48699838,  2.80213008, -6.1223888 , -4.97288357,  4.71462264],       [ 3.8054621 , -5.88012131,  5.78521334, -8.75584221,  4.13221461,        -2.45774868,  2.74843607, -6.00886773, -4.91646883,  5.03114895],       [ 3.62704052, -5.76540133,  5.88441143, -8.70792329,  4.02035931,        -2.5639642 ,  2.99818817, -6.21141418, -4.83343514,  4.79723575],       [ 3.77083625, -5.7419947 ,  5.96050257, -8.72678189,  4.07168292,        -2.64792546,  2.8019276 , -6.1807118 , -4.90885745,  4.80414279],       [ 3.79360287, -5.79481141,  5.78336984, -8.75940579,  4.19310376,        -2.38921684,  3.13592015, -6.04333157, -4.94227502,  4.63222863],       [ 3.68452676, -5.86906076,  5.65327619, -8.71656812,  4.15853832,        -2.26267624,  3.00997231, -5.96258096, -5.04613277,  4.66191627],       [ 3.6241218 , -6.046275  ,  5.54480166, -8.6509271 ,  4.15743836,        -2.25506985,  2.87986037, -5.93429462, -4.8474314 ,  4.78865031],       [ 3.66187085, -5.85587938,  5.70542669, -8.61268393,  3.97040889,        -2.41763901,  2.70600906, -5.95360136, -4.89725747,  4.97879032],       [ 3.49131512, -5.85715997,  5.65179161, -8.52123196,  4.21048469,        -2.18757674,  2.87061331, -6.12904008, -4.90622897,  4.78547903],       [ 3.71615828, -6.05882367,  5.52776363, -8.795862  ,  3.96179385,        -2.15175854,  2.80784151, -5.74054124, -4.95933771,  4.72413352],       [ 3.63368025, -5.94431842,  5.53034477, -8.80099808,  4.08243891,        -2.25326218,  2.94939998, -5.82623464, -4.99529709,  4.59781636],       [ 3.63175473, -5.92227952,  5.34984317, -8.58193916,  4.23216165,        -2.27537114,  3.04577585, -5.87655019, -5.04533547,  4.78242169],       [ 3.77548185, -5.79011969,  5.40950484, -8.51245979,  4.26356148,        -2.36572323,  3.06998784, -5.80785827, -5.10436361,  4.92475303],       [ 3.50976972, -5.8233512 ,  5.26568426, -8.47241945,  4.20325658,        -2.15229178,  2.98718979, -5.99107289, -4.93842166,  4.70587847],       [ 3.60306775, -5.72556193,  5.15424294, -8.58677459,  4.08283575,        -2.29528445,  2.93802283, -6.18042174, -5.09405352,  4.77570408],       [ 3.62968034, -5.99113938,  5.15836519, -8.58936918,  4.37019001,        -2.06776597,  3.00874364, -6.0692657 , -4.80448004,  4.68000085],       [ 3.67915221, -5.74093047,  5.25689679, -8.62193541,  4.393674  ,        -2.28835832,  2.86823064, -6.01860019, -4.9767409 ,  4.56457906],       [ 3.60149729, -5.94785317,  5.32324252, -8.37069707,  4.08754954,        -2.11191008,  3.08676114, -5.93578541, -4.89957074,  4.62407138],       [ 3.69413988, -5.76972979,  5.29346708, -8.25782434,  3.91000595,        -1.97780144,  2.96366115, -5.97774666, -4.97953832,  4.45611284],       [ 3.76334969, -5.9997915 ,  5.3355215 , -8.37305056,  3.94041399,        -2.22932846,  2.91723667, -5.93261673, -4.99495092,  4.56689602],       [ 3.44472342, -5.83283243,  5.16587607, -8.17641354,  3.958414  ,        -2.08294804,  2.90469928, -5.82093889, -5.02372836,  4.63523297],       [ 3.54075444, -5.97285984,  5.18631094, -8.28976665,  4.06209242,        -1.99378196,  2.77531889, -5.67615227, -5.21581832,  4.77932777],       [ 3.46828495, -5.87154424,  5.26937485, -8.08964194,  4.15334447,        -2.17171402,  2.70621675, -5.64737785, -4.88056952,  4.72677332],       [ 3.47496046, -5.78876175,  5.38158667, -8.13969156,  4.26147348,        -2.07146429,  2.75150123, -5.68663148, -4.80164631,  4.52801847],       [ 3.5782436 , -5.7129776 ,  5.16510113, -8.24133506,  4.04145807,        -2.25087532,  2.85942815, -5.63011128, -4.96588486,  4.5821152 ],       [ 3.38434273, -5.82599581,  5.19903026, -8.10669786,  4.13099132,        -2.04045987,  2.67675601, -5.70909832, -4.81058088,  4.61536615],       [ 3.37124106, -5.90008953,  5.2497725 , -7.95575367,  4.11006692,        -1.92667691,  2.65954229, -5.64660659, -4.95784449,  4.58855875],       [ 3.53496586, -5.85789793,  5.35648233, -7.95387343,  4.10928917,        -1.78951697,  2.48666506, -5.61729768, -4.78073946,  4.59570277],       [ 3.24902738, -5.76091378,  5.15042816, -7.87546326,  4.12617129,        -1.74714239,  2.70927697, -5.5114154 , -5.15467134,  4.78429477],       [ 3.08011321, -5.83206197,  5.32888911, -8.07188762,  4.25526329,        -1.60265773,  2.68520929, -5.60911732, -5.03359553,  4.77543957],       [ 3.10276283, -5.58977418,  5.30881614, -7.8788452 ,  4.26885229,        -1.77971118,  2.78266293, -5.55221915, -5.15237453,  4.66011545],       [ 3.2887584 , -5.6720879 ,  5.15019996, -8.02111904,  4.07448921,        -1.6933329 ,  2.80846226, -5.4343878 , -5.14954256,  4.77684387],       [ 3.18106851, -5.47863479,  5.27140929, -7.81973695,  4.14077001,        -1.85098319,  2.65170478, -5.58876426, -5.25580703,  4.62288425],       [ 3.29285177, -5.66164645,  5.50181252, -7.82432275,  4.2188887 ,        -1.63671738,  2.83049762, -5.65140591, -5.03523226,  4.63329086],       [ 3.0457673 , -5.6576634 ,  5.38776369, -7.97138515,  4.3921635 ,        -1.86159566,  2.80031148, -5.55705055, -5.01023197,  4.81547003],       [ 2.97651661, -5.5556348 ,  5.46809816, -7.90039831,  4.43759961,        -1.86811482,  2.8261954 , -5.47923766, -5.26109224,  4.46562246],       [ 2.94320619, -5.38024204,  5.4053094 , -7.78850059,  4.30749414,        -1.93133369,  2.68403449, -5.39252934, -5.18136919,  4.54102138],       [ 2.8445646 , -5.30329799,  5.29622842, -7.81864095,  4.25626299,        -1.98921052,  2.50709641, -5.33987069, -5.09844255,  4.58645686],       [ 3.00253129, -5.51226575,  5.26508812, -7.78283058,  4.45762723,        -2.05775231,  2.66917013, -5.4209564 , -5.18245351,  4.40562569],       [ 2.93950755, -5.60751359,  5.4028989 , -7.66269768,  4.42828289,        -2.01494613,  2.52735638, -5.41711108, -5.26367468,  4.54948607],       [ 3.07117064, -5.45887615,  5.11498864, -7.79459542,  4.65225634,        -1.87843264,  2.72720439, -5.56026645, -5.12680278,  4.43189054],       [ 3.05863698, -5.48766116,  5.15469655, -7.65460747,  4.75270476,        -1.84668843,  2.89708606, -5.73437046, -4.93026417,  4.25308835],       [ 2.9384352 , -5.5185601 ,  4.9977001 , -7.6051393 ,  4.57190178,        -1.93283887,  2.72150073, -5.65296273, -4.8628817 ,  4.20452059],       [ 2.8137129 , -5.41975816,  4.93385181, -7.48701884,  4.56706216,        -1.9225711 ,  2.53289707, -5.59526992, -4.9226191 ,  4.0962026 ],       [ 2.78726625, -5.46677118,  4.92176743, -7.2952255 ,  4.51281339,        -1.81280704,  2.55400411, -5.43961748, -4.98063796,  3.99441008],       [ 2.95167395, -5.64935748,  5.1020688 , -7.27266273,  4.46335867,        -1.61478611,  2.37734917, -5.43293494, -5.16819913,  4.02288037],       [ 2.65945366, -5.4143875 ,  5.1141369 , -7.14526448,  4.49354789,        -1.7294227 ,  2.66499161, -5.44168025, -4.96922457,  3.85472383],       [ 2.60721363, -5.557499  ,  5.2048944 , -7.15445928,  4.47309942,        -1.57502351,  2.67603912, -5.47804392, -5.06166776,  3.68352865],       [ 2.62670811, -5.60408611,  5.03059848, -7.14386067,  4.67992111,        -1.88566953,  2.73420803, -5.4417073 , -4.85838528,  3.71216663],       [ 2.45998916, -5.64439867,  5.14938338, -7.26719038,  4.78703199,        -1.96955033,  2.62096463, -5.63502107, -4.89892165,  3.66459923],       [ 2.69044608, -5.77571875,  4.89164007, -7.33723032,  4.52543965,        -1.82495382,  2.69527078, -5.51329678, -4.83522048,  3.90955082],       [ 2.76050272, -5.52423683,  5.19790191, -7.32796919,  4.50805449,        -1.89606701,  2.673875  , -5.26680648, -4.86255929,  3.72802628],       [ 2.78481226, -5.62543209,  5.18141223, -7.24242797,  4.58944499,        -1.95432497,  2.75323374, -5.55365583, -4.78981361,  3.56928395],       [ 2.46434822, -5.45600941,  4.92534596, -7.18945907,  4.70853795,        -1.87534874,  2.56461759, -5.29205693, -4.67793103,  3.83716956],       [ 2.37786895, -5.44487069,  4.86111265, -7.16759214,  4.89829934,        -1.95066757,  2.63213623, -5.36167005, -4.56814012,  3.76749354],       [ 2.53379989, -5.3441876 ,  4.96616548, -7.17980053,  4.78260514,        -2.13407754,  2.56086775, -5.54682498, -4.49059796,  3.83563355],       [ 2.35005767, -5.3377551 ,  4.87551604, -7.35164817,  4.75221658,        -2.07330101,  2.56640175, -5.54074487, -4.52609341,  3.77231795],       [ 2.17786896, -5.39115525,  4.66111265, -6.98481068,  5.09829934,        -1.75066757,  2.83213623, -5.16167005, -4.36814012,  3.80734092],       [ 2.57786895, -5.64487069,  4.73137057, -7.06658629,  5.09829934,        -1.75066759,  2.83213622, -5.16167006, -4.36814012,  3.96749353],       [ 2.57786895, -5.64487069,  4.66111265, -6.98892883,  4.69829934,        -1.86356101,  2.7397509 , -5.16167005, -4.36814012,  3.56749354],       [ 2.17786895, -5.64487069,  4.66111265, -6.96759214,  5.09829934,        -2.15066757,  2.83213623, -5.16167005, -4.36814012,  3.56749354]])
all_costs=array([564.73734523, 568.19328479, 568.06646327, 591.08475159,       571.00613033, 569.55285213, 565.89134514, 550.89140637,       569.40713057, 521.98456872, 519.71607313, 496.41703954,       488.8325375 , 486.46534502, 479.2254134 , 494.77950515,       495.40164077, 467.61622406, 454.97911315, 453.00461723,       446.75524433, 427.22385455, 423.38903109, 411.56016848,       416.54237486, 417.12180521, 400.87389564, 398.48992524,       413.54121106, 419.6122204 , 410.55563481, 387.80013717,       376.27989682, 392.42357217, 366.64988564, 356.80177558,       357.99303658, 372.07635073, 346.58424987, 353.2182809 ,       343.27444088, 330.74297467, 331.52271892, 310.25210636,       318.25354996, 310.50685954, 304.16489707, 316.26899713,       295.66276182, 291.83920228, 284.87685537, 301.60830893,       287.38362739, 293.44376868, 288.60235663, 274.97956352,       276.99502879, 271.29238763, 288.36957166, 271.59922172,       282.43240095, 264.91269446, 271.52024137, 275.52529202,       258.43073442, 265.71413312, 254.06803044, 254.93899931,       258.59222897, 253.46811392, 248.5742135 , 256.65599086,       242.76437199, 249.14139032, 240.95126173, 245.92976463,       248.08380587, 245.72741325, 241.33022594, 237.13881241,       236.02877667, 237.5348215 , 230.85365549, 233.04373787,       230.1988598 , 221.04041737, 216.90193323, 213.77912677,       203.0658311 , 213.52087682, 196.73604328, 197.19542274,       188.13668789, 196.00324393, 195.91612784, 197.77406717,       196.40833898, 185.34465066, 179.86708893, 190.10264698,       191.03412799, 161.56379959, 169.3190913 , 166.40888665,       158.21609734])
all_uncers=array([0., 0., 0., 0., 0., 0., 0., 0., 0., 0., 0., 0., 0., 0., 0., 0., 0.,       0., 0., 0., 0., 0., 0., 0., 0., 0., 0., 0., 0., 0., 0., 0., 0., 0.,       0., 0., 0., 0., 0., 0., 0., 0., 0., 0., 0., 0., 0., 0., 0., 0., 0.,       0., 0., 0., 0., 0., 0., 0., 0., 0., 0., 0., 0., 0., 0., 0., 0., 0.,       0., 0., 0., 0., 0., 0., 0., 0., 0., 0., 0., 0., 0., 0., 0., 0., 0.,       0., 0., 0., 0., 0., 0., 0., 0., 0., 0., 0., 0., 0., 0., 0., 0., 0.,       0., 0., 0.])
best_cost=158.2160973432229
best_params=array([ 2.17786895, -5.64487069,  4.66111265, -6.96759214,  5.09829934,       -2.15066757,  2.83213623, -5.16167005, -4.36814012,  3.56749354])
best_index=104
worst_cost=591.0847515944765
worst_index=3
cost_range=432.8686542512536
fit_count=2
costs_count=105
params_count=8
update_hyperparameters=True
length_scale=array([ 8.29659125,  7.94769167,  7.90185068,  5.0647044 ,  7.1378692 ,       55.72645582,  4.37765601,  5.98236532, 12.26741716, 18.56059405])
noise_level=9.999999999999997e-06
